25.152
21.434
17.161
15.596
11.236
8.164
4.419
.779
.474
2.247
1.761
1.806
4.044
3.563
3.134
2.629
1.677
.951
1.735
1.077
1.850
1.094
2.929
4.835
4.367
2.605
3.932
4.147
5.510
5.641
3.682
3.169
-.675
.965
.928
1.628
3.852
3.285
3.391
3.763
7.573
4.090
14.844
13.915
28.155
13.317
13.827
12.989
11.427
11.416
9.068
7.089
11.279
11.303
11.032
13.178
11.809
11.832
12.748
12.275
12.091
11.878
10.984
10.138
14.040
17.419
16.892
16.882
15.363
17.022
16.668
15.115
15.808
16.456
15.391
15.329
16.457
16.457
15.168
15.184
14.127
14.877
4.105
2.764
37.079
32.170
22.524
16.958
11.975
8.008
7.398
7.057
6.238
8.416
5.625
6.949
6.404
6.294
7.793
7.317
7.486
7.468
6.690
6.060
10.319
10.540
9.907
8.935
9.963
11.249
12.236
10.820
11.337
9.780
10.642
10.600
11.041
11.071
10.415
11.430
13.840
11.833
10.609
10.655
9.067
7.730
7.699
8.499
8.221
9.514
8.537
9.851
8.002
7.749
7.602
9.583
7.392
7.911
6.986
10.175
8.783
8.515
9.118
6.957
8.130
7.897
8.154
7.594
8.051
7.633
9.787
8.208
7.208
8.584
7.451
8.459
8.104
6.622
7.947
4.110
-6.810
-7.763
-7.603
8.820
9.156
8.518
8.192
7.319
11.635
11.307
10.451
8.436
7.755
5.818
4.686
4.523
4.202
3.206
2.379
2.622
3.325
1.862
23.778
15.063
7.764
4.450
1.997
2.519
1.352
1.095
1.946
1.244
3.690
4.083
4.151
4.631
5.180
4.460
3.760
3.383
3.453
2.659
4.544
4.748
6.188
6.855
4.644
5.355
4.127
4.427
3.443
2.947
-1.324
-.700
4.237
5.848
5.508
5.382
7.273
4.901
4.998
4.423
-4.238
1.368
4.871
6.251
6.684
6.618
5.482
5.588
5.908
6.318
6.444
5.658
7.765
8.291
8.696
6.254
6.917
6.991
6.973
7.428
7.917
7.715
1.665
1.541
2.302
1.473
2.230
3.008
3.539
3.715
3.791
2.747
3.373
3.880
2.847
2.563
3.257
2.454
3.436
3.160
3.013
2.891
3.930
3.886
3.286
3.388
2.875
2.453
4.743
4.162
3.843
3.415
2.759
2.936
3.508
3.287
2.298
3.377
4.030
4.276
3.509
3.434
3.283
4.015
2.820
3.293
6.288
7.142
6.806
6.465
6.390
4.478
4.446
4.319
3.839
.520
28.682
23.938
20.378
19.668
11.358
8.329
15.396
5.157
5.075
3.808
5.893
6.041
6.100
6.643
6.429
4.335
3.326
3.488
-.363
.922
3.432
3.746
3.495
4.371
4.162
3.971
4.202
3.687
3.469
1.340
.666
-.399
1.016
3.487
4.460
4.936
4.178
4.487
4.003
1.901
2.343
.961
.765
3.513
3.459
4.318
4.381
4.206
4.669
2.640
1.815
1.287
3.820
5.611
6.851
6.450
6.168
6.574
6.806
4.991
3.797
3.334
3.671
5.268
6.663
6.441
6.825
6.646
6.478
5.021
4.049
3.509
3.330
5.627
6.432
6.396
7.719
6.960
6.729
6.158
4.652
5.088
4.084
5.514
7.231
7.112
6.229
7.442
7.409
4.838
3.919
1.529
.856
.517
1.097
1.117
.508
.092
.155
21.539
16.264
9.239
8.319
3.232
3.013
3.049
2.918
2.524
2.994
4.662
4.765
5.595
5.171
4.919
4.651
4.376
4.053
3.482
-1.220
.695
1.040
5.110
5.942
5.320
5.516
5.533
5.597
4.456
4.581
3.220
2.713
.247
1.013
4.039
4.873
5.129
4.350
4.491
2.947
-2.839
-3.088
-3.737
.545
1.176
4.615
1.890
3.682
3.387
3.717
3.450
2.526
1.848
1.387
.499
.161
.952
-6.155
-6.485
-6.547
-6.347
-6.376
-1.198
-.578
12.007
1.175
-1.652
-.728
-.831
-.398
-.857
-.644
1.245
2.122
2.408
2.191
-7.687
4.664
4.808
7.020
.437
5.725
-1.847
4.733
-4.746
-5.855
4.941
-2.629
-1.748
.262
.836
1.319
1.103
.766
-1.451
-3.750
-5.047
-5.606
-5.775
-5.641
-5.540
-5.984
-5.305
-5.684
-5.736
4.430
5.493
4.030
40.592
-3.423
-2.879
-2.780
-2.859
-3.915
-4.699
7.417
3.256
-7.229
-6.414
-4.167
-3.779
-3.002
-3.421
-3.332
-3.019
5.338
-.691
-1.276
-.794
-.249
-.136
-2.714
-2.504
-3.542
-3.864
33.104
13.454
8.401
7.967
7.073
7.933
7.671
7.197
6.670
5.820
5.588
-5.300
-1.194
-.706
-1.101
-4.391
-4.787
-5.166
-5.813
-4.302
-3.555
-4.303
-5.357
-3.183
8.081
-1.763
5.357
4.841
-1.627
-1.608
-2.322
-3.097
-3.519
4.457
4.141
18.784
10.427
11.255
7.314
8.801
6.201
9.601
1.421
1.488
-.141
-3.937
3.546
21.735
10.991
8.618
4.789
15.153
5.787
15.219
-2.808
-3.699
-3.759
-3.374
-3.119
-2.951
-2.718
-3.094
-2.638
-3.412
-2.686
-2.778
-3.158
-3.478
-3.762
-4.524
3.646
3.757
9.909
10.109
3.565
3.482
2.731
2.317
1.660
.622
-1.603
-1.200
-.581
.131
-.552
.039
2.509
4.330
-4.619
-3.728
-4.377
-5.877
-6.417
-5.556
-4.900
-4.528
-3.811
-4.007
-3.568
-4.268
-4.408
-6.695
-7.236
-3.167
3.703
4.257
-1.958
3.617
-.549
9.727
26.059
1.934
2.243
1.966
1.411
4.054
3.367
.391
10.685
1.051
-4.203
-3.849
-4.314
-4.404
.679
4.328
5.298
6.887
3.710
4.155
.452
1.570
1.744
1.085
-.786
.093
-.055
-.214
-.340
-.704
-.629
-2.086
-2.469
-2.584
3.959
4.707
7.769
4.402
4.492
5.038
-.822
-3.224
-5.428
-7.696
-7.802
6.315
5.948
4.695
5.310
4.447
3.975
3.919
32.128
16.804
23.987
19.172
13.325
10.018
2.206
4.637
6.233
3.181
32.175
7.959
3.075
2.210
1.555
3.336
3.593
4.817
3.078
1.530
.869
1.813
3.725
5.035
3.133
15.663
-2.214
-4.971
3.375
.727
1.685
4.877
4.909
12.283
17.623
2.339
2.922
4.611
-1.198
13.586
13.186
5.187
5.599
-4.490
-4.277
-4.348
-4.317
-5.806
-6.259
-2.037
3.487
3.845
4.259
23.928
13.039
12.648
10.313
5.416
1.744
1.284
7.333
6.779
-7.354
3.019
2.738
3.684
4.968
5.503
5.687
5.495
4.597
3.701
-3.711
-5.711
-7.676
-5.916
-5.467
-5.383
-5.218
11.200
-5.932
-6.421
-6.965
-3.568
-9.050
-.241
3.578
-4.857
-4.579
-4.713
-4.175
-4.840
10.539
-4.888
-5.197
-3.317
-2.896
-2.648
-2.665
-2.235
-2.693
13.595
13.625
13.109
38.447
11.842
12.249
12.925
13.486
11.959
11.258
11.503
11.430
11.562
18.103
18.333
17.251
17.287
16.996
15.726
-6.952
-6.902
-6.735
-7.431
-6.535
-5.800
-5.596
-5.093
-5.050
-5.042
-5.769
-.965
10.801
20.871
21.074
24.487
27.691
16.605
27.467
27.302
3.936
3.912
9.759
4.160
-.777
-.934
-.632
3.762
1.714
13.255
2.918
15.755
.115
.503
.010
7.043
4.979
1.792
7.607
3.190
1.396
4.296
.746
-.877
11.625
3.386
11.527
.884
4.956
4.986
5.145
1.307
.816
4.957
9.191
9.961
12.186
12.564
5.102
6.265
-5.927
-1.753
-1.676
11.221
14.960
11.949
11.179
11.120
10.660
9.179
12.916
5.141
5.902
5.314
6.400
4.410
7.805
5.851
1.719
4.722
4.515
3.063
.909
1.630
2.069
2.267
2.052
1.724
5.125
11.954
9.186
10.229
10.006
6.819
6.989
9.048
1.824
22.826
25.962
2.770
3.261
2.860
3.082
8.351
-.275
1.533
7.217
7.901
1.805
2.895
8.611
2.702
1.381
1.817
-.022
-.587
1.598
1.992
1.998
2.002
.789
6.340
-.767
31.091
25.296
22.586
17.712
8.715
6.074
4.066
-5.030
-5.250
14.379
13.807
19.998
29.042
11.214
11.122
16.152
15.589
12.042
17.833
9.727
9.977
8.678
8.528
7.357
6.295
5.087
3.462
2.651
4.180
8.283
7.510
7.547
7.802
6.766
7.581
7.106
2.161
15.243
1.674
4.963
3.771
2.154
-4.237
7.499
7.883
5.403
-.775
.468
5.989
4.073
-.372
-2.331
-4.616
-2.755
-4.252
-4.152
-5.601
-6.189
-6.236
4.214
4.380
9.304
4.432
5.242
7.254
7.229
22.067
22.160
8.229
-1.531
-2.039
-.597
5.705
1.225
5.385
13.691
.821
1.527
1.078
.188
-.075
-.389
-5.096
8.507
10.055
2.220
2.295
8.408
10.914
-3.953
-3.842
-5.307
1.083
.999
1.349
.977
30.685
20.336
12.190
5.535
5.173
1.994
2.431
1.182
1.149
1.180
4.155
4.258
4.590
4.285
6.829
4.475
6.404
5.194
5.180
3.166
8.163
2.154
1.040
2.001
4.415
1.142
-3.094
-3.688
-3.485
-4.160
4.790
10.200
3.772
8.885
4.564
6.442
4.200
11.943
2.128
2.029
5.828
2.823
4.228
13.662
2.388
2.280
2.397
2.410
-5.814
6.026
-5.236
-5.324
-5.388
-5.882
1.317
8.022
1.650
1.999
6.433
17.446
7.087
7.350
20.219
-5.583
-6.860
-6.676
-5.931
-6.071
-4.790
-4.936
-4.874
-4.900
-5.755
-5.684
-5.885
1.440
8.763
9.262
.681
.364
2.108
1.423
-5.687
1.987
-5.756
-6.316
-6.869
19.862
-5.604
-6.258
7.898
2.941
6.057
4.092
-6.804
.960
12.499
-.193
.057
.582
.587
.824
.087
-.374
-1.030
8.063
6.439
2.549
3.139
2.120
2.343
1.805
1.620
2.639
2.821
3.825
3.915
4.316
5.392
35.382
-.296
-.780
-1.089
-2.534
-2.971
-5.534
-4.900
1.785
2.578
2.209
1.557
5.066
1.389
4.493
-3.052
-4.166
-4.244
-4.592
1.062
3.192
5.065
4.748
22.603
6.235
8.773
2.560
2.102
6.652
-1.675
4.932
19.589
19.310
22.236
6.847
6.848
10.697
4.567
2.243
1.337
-.710
17.320
3.908
14.232
12.650
13.327
13.518
11.598
14.908
12.321
10.655
6.133
13.895
11.214
15.276
9.913
9.130
10.508
10.148
-.104
-.860
-1.707
1.064
4.429
4.569
4.953
4.447
4.281
-2.460
-2.689
-3.080
3.524
2.247
-5.050
.712
.031
5.463
-1.415
.249
13.547
9.770
4.253
-5.923
-6.873
5.352
-4.849
-4.292
-4.106
-.819
-1.043
-.895
2.860
4.542
.849
1.214
19.912
18.817
8.907
6.035
14.407
14.552
26.824
16.708
-5.809
-1.376
2.297
7.970
-7.679
-7.711
8.812
2.139
2.309
27.840
1.679
1.884
-3.968
.764
4.961
3.137
5.644
3.107
2.671
6.135
6.268
1.334
1.106
6.546
3.552
2.338
1.133
6.341
2.609
5.926
3.748
6.648
1.916
8.103
11.528
31.566
1.273
2.025
5.543
3.309
-6.217
-.071
-.900
-6.747
4.897
4.747
1.424
1.447
3.444
18.250
17.391
1.081
2.234
.585
2.084
.369
3.026
1.059
17.266
3.177
4.038
2.887
3.945
2.956
2.639
.473
-.250
8.270
6.725
31.266
23.134
5.658
7.350
36.739
20.882
19.028
21.275
18.356
7.845
7.905
10.368
7.351
7.226
11.562
10.386
15.056
10.669
9.562
6.019
-3.831
-3.927
-4.798
18.001
.536
3.429
3.296
3.501
3.978
3.247
9.163
3.613
.725
2.189
12.067
4.738
5.957
4.988
4.679
3.283
3.800
3.132
1.219
.239
3.830
3.797
4.373
5.791
8.591
3.771
2.887
3.760
2.414
2.902
3.885
3.801
3.473
5.099
4.692
6.754
5.991
6.769
4.367
3.979
6.857
5.454
8.189
4.009
4.207
5.254
5.822
5.144
20.939
2.654
2.206
3.656
2.327
3.023
8.058
7.526
4.077
7.771
5.341
3.111
2.287
1.367
8.358
4.247
14.902
19.254
4.685
4.222
4.026
4.513
4.268
5.217
2.357
2.192
1.018
24.944
23.903
21.040
19.652
16.971
23.195
22.341
22.620
22.644
24.396
41.003
36.420
31.233
27.461
25.903
18.931
15.841
14.959
14.408
13.174
15.567
9.189
3.094
14.931
4.464
5.869
2.987
5.156
3.367
15.035
-8.114
1.056
2.078
3.348
2.446
1.692
2.790
2.552
2.420
2.166
2.514
2.477
1.663
1.148
-5.486
-1.490
1.934
2.050
3.338
5.648
2.744
2.095
1.338
1.770
1.543
23.780
12.981
13.910
2.458
2.387
2.357
1.425
.774
.384
15.000
8.214
6.538
7.519
12.715
23.079
5.813
11.942
5.177
44.145
43.891
44.245
43.825
42.060
6.925
4.033
6.986
-1.321
4.117
5.098
7.056
5.098
3.283
3.652
2.659
6.622
1.465
4.475
4.959
3.720
16.369
21.743
10.536
8.876
1.876
.527
15.635
15.650
12.461
26.273
9.846
9.627
9.272
9.211
3.069
6.887
13.921
25.147
23.370
4.784
14.156
14.928
11.347
1.920
.872
-.576
.063
1.167
24.254
2.846
1.891
5.540
2.203
2.849
3.218
2.419
2.179
2.102
.392
2.660
.111
.493
1.506
1.645
2.228
1.555
1.684
-4.189
-3.722
-4.006
-5.722
-5.811
2.205
1.107
2.046
-5.180
-5.220
-4.435
.318
.474
-.308
.439
4.496
-6.046
-2.142
-6.353
-5.019
-6.245
-5.986
-6.228
-7.385
-7.292
-7.024
-6.706
-6.126
-6.026
-5.155
-5.338
-6.706
-7.085
-7.163
-6.293
-6.396
4.103
5.112
3.747
5.823
6.144
6.592
6.165
6.482
5.732
4.373
2.865
4.723
2.915
4.138
.908
12.650
.983
1.578
.836
.883
18.188
21.628
15.917
1.146
14.174
8.193
5.775
5.825
3.561
4.405
4.511
4.872
4.848
5.409
5.735
5.074
4.854
4.889
4.297
-6.686
-7.243
6.703
7.188
6.013
6.402
6.730
7.226
6.604
5.789
4.471
4.596
5.174
4.141
5.483
6.431
-.240
4.641
4.738
5.548
3.584
3.487
6.818
6.013
6.350
6.644
5.988
5.466
10.983
3.212
.292
6.292
6.428
7.373
7.602
7.130
6.715
6.509
5.858
5.669
5.047
-8.428
-8.247
-7.184
-6.256
-6.207
-6.475
-7.060
-7.473
-7.431
-6.937
-7.423
-6.904
-7.367
-7.096
-6.808
-6.840
-7.498
-7.074
-7.162
-7.279
-7.363
-7.221
-6.804
-6.492
-6.484
-6.620
-6.466
-7.045
5.974
17.498
-6.270
-6.098
-6.656
-5.945
-4.132
-6.190
-5.403
-7.475
-8.472
-8.428
-8.398
-8.410
-8.894
-9.665
-9.607
-8.884
-8.114
-7.823
-7.367
-7.179
-7.512
5.318
5.245
5.708
5.764
9.446
9.180
-2.469
-2.905
-2.988
-4.087
2.104
4.495
4.393
4.709
4.506
3.226
2.108
1.836
1.556
1.381
1.989
-8.563
-8.329
-8.233
-8.063
-7.798
-8.336
-8.249
-4.412
-3.985
-3.938
-3.712
3.328
3.043
-3.293
1.450
.576
