46.891 53.678 .126
47.485 55.823 .149
31.675 37.755 .161
49.709 59.376 .162
39.38 47.406 .169
46.822 57.291 .182
37.991 46.797 .188
47.828 59.056 .190
47.854 59.122 .190
33.08 41.193 .196
21.832 27.238 .198
47.662 59.476 .198
38.7 48.335 .199
27.805 34.820 .201
32.26 40.378 .201
37.651 47.401 .205
41.086 51.970 .209
28.466 36.102 .211
33.967 43.386 .217
33.554 43.071 .220
23.509 30.231 .222
32.686 42.055 .222
36.166 46.497 .222
25.188 32.497 .224
29.292 38.057 .230
30.111 39.485 .237
29.721 39.011 .238
24.859 32.729 .240
20.617 27.206 .242
18.162 24.051 .244
20.228 26.793 .245
25.069 33.232 .245
26.43 35.093 .246
20.952 27.881 .248
24.462 32.551 .248
27.775 36.966 .248
20.003 26.661 .249
24.087 32.113 .249
33.247 44.273 .249
23.749 31.688 .250
31.828 42.533 .251
19.971 26.734 .252
24.371 32.650 .253
27.001 36.170 .253
21.13 28.340 .254
30.772 41.290 .254
31.836 42.698 .254
37.622 50.613 .256
23.495 31.688 .258
26.881 36.271 .258
18.054 24.387 .259
25.534 34.485 .259
20.976 28.417 .261
21.523 29.126 .261
19.561 26.510 .262
23.698 32.123 .262
28.472 38.601 .262
22.795 30.957 .263
19.526 26.534 .264
22.463 30.560 .264
24.525 33.334 .264
21.153 28.817 .265
31.547 42.922 .265
27.488 37.467 .266
25.736 35.143 .267
25.951 35.450 .267
19.06 26.051 .268
21.422 29.271 .268
19.408 26.568 .269
19.15 26.263 .270
24.847 34.048 .270
22.314 30.622 .271
17.206 23.647 .272
17.268 23.749 .272
16.985 23.423 .274
27.467 37.834 .274
26.737 36.974 .276
18.706 25.873 .277
20.839 28.856 .277
21.058 29.152 .277
19.048 26.445 .279
21.241 29.463 .279
22.813 31.687 .280
25.093 34.883 .280
18.093 25.194 .281
19.45 27.064 .281
26.073 36.305 .281
21.884 30.594 .284
23.064 32.227 .284
24.652 34.541 .286
20.579 28.893 .287
23.13 32.482 .287
19.541 27.467 .288
20.519 28.826 .288
21.617 30.399 .288
22.957 32.253 .288
17.26 24.298 .289
23.783 33.481 .289
26.556 37.391 .289
27.258 38.365 .289
29.477 41.504 .289
17.551 24.745 .290
23.828 33.564 .290
28.17 39.718 .290
18.131 25.599 .291
22.607 31.899 .291
17.938 25.406 .293
20.068 28.409 .293
22.982 32.518 .293
24.102 34.162 .294
19.548 27.730 .295
15.965 22.682 .296
16.998 24.166 .296
21.395 30.415 .296
21.475 30.507 .296
21.825 31.039 .296
23.945 34.015 .296
17.56 24.990 .297
20.433 29.071 .297
17.511 25.011 .299
18.665 26.661 .299
20.555 29.358 .299
26.291 37.572 .300
26.867 38.426 .300
17.993 25.771 .301
22.778 32.622 .301
18.477 26.480 .302
26.029 37.298 .302
21.221 30.450 .303
17.479 25.138 .304
17.958 25.831 .304
15.449 22.251 .305
17.729 25.550 .306
26.559 38.310 .306
15.379 22.217 .307
21.508 31.072 .307
14.851 21.469 .308
20.83 30.108 .308
21.37 30.894 .308
21.424 30.986 .308
22.733 32.854 .308
27.078 39.159 .308
15.081 21.853 .309
15.98 23.178 .310
16.109 23.361 .310
19.944 28.922 .310
26.094 37.851 .310
15.725 22.833 .311
17.472 25.369 .311
22.5 32.677 .311
15.718 22.864 .312
17.793 25.886 .312
20.712 30.133 .312
21.953 31.939 .312
20.015 29.146 .313
20.72 30.191 .313
20.918 30.474 .313
18.147 26.489 .314
19.931 29.058 .314
19.649 28.685 .315
24.115 35.229 .315
17.915 26.215 .316
17.955 26.272 .316
15.223 22.320 .317
17.08 25.018 .317
19.88 29.141 .317
21.008 30.798 .317
16.196 23.768 .318
17.729 26.032 .318
19.562 28.717 .318
15.839 23.282 .319
17.064 25.082 .319
17.64 25.916 .319
18.497 27.190 .319
14.137 20.819 .320
21.873 32.189 .320
15.565 22.930 .321
18.918 27.881 .321
18.307 27.040 .322
15.542 22.961 .323
20.529 30.346 .323
16.459 24.349 .324
17.335 25.646 .324
18.61 27.552 .324
18.06 26.759 .325
25.539 37.875 .325
11.878 17.639 .326
14.388 21.364 .326
15.712 23.335 .326
20.253 30.075 .326
20.468 30.384 .326
21.275 31.600 .326
16.138 24.014 .327
18.985 28.220 .327
19.191 28.548 .327
15.539 23.128 .328
15.706 23.385 .328
17.886 26.647 .328
20.251 30.159 .328
17.637 26.302 .329
17.802 26.538 .329
18.919 28.212 .329
19.093 28.486 .329
15.505 23.142 .330
21.544 32.202 .330
17.316 25.886 .331
26.856 40.175 .331
14.343 21.525 .333
17.22 25.840 .333
17.906 26.866 .333
19.865 29.783 .333
15.194 22.825 .334
14.976 22.548 .335
16.898 25.431 .335
11.556 17.422 .336
15.415 23.233 .336
15.215 22.980 .337
18.917 28.558 .337
15.75 23.815 .338
15.957 24.116 .338
14.724 22.288 .339
14.954 22.629 .339
18.158 27.480 .339
25.833 39.134 .339
10.823 16.406 .340
13.762 20.856 .340
14.923 22.623 .340
15.622 23.690 .340
19.368 29.387 .340
19.862 30.139 .340
20.987 31.836 .340
15.137 23.024 .342
19.487 29.638 .342
17.488 26.658 .343
14.192 21.635 .344
14.708 22.439 .344
14.791 22.550 .344
17.178 26.222 .344
17.734 27.063 .344
13.938 21.291 .345
15.331 23.439 .345
15.551 23.746 .345
17.732 27.073 .345
13.889 21.257 .346
15.823 24.299 .348
16.342 25.077 .348
14.264 21.921 .349
15.435 23.730 .349
12.912 19.895 .350
18.287 28.156 .350
20.009 30.820 .350
15.069 23.239 .351
18.644 28.749 .351
14.366 22.188 .352
17.679 27.298 .352
17.802 27.514 .352
14.86 22.986 .353
17.782 27.506 .353
11.118 17.220 .354
12.525 19.391 .354
16.623 25.770 .354
17.022 26.431 .355
17.514 27.180 .355
17.621 27.322 .355
15.084 23.452 .356
15.224 23.667 .356
14.604 22.717 .357
19.4 30.190 .357
14.231 22.217 .359
15.364 23.994 .359
15.896 24.814 .359
12.233 19.143 .360
15.119 23.632 .360
17.331 27.109 .360
11.069 17.353 .362
14.807 23.253 .363
17.79 27.979 .364
14.076 22.180 .365
16.291 25.682 .365
12.23 19.341 .367
12.669 20.039 .367
12.896 20.418 .368
17.162 27.185 .368
14.757 23.420 .369
13.763 21.849 .370
14.263 22.699 .371
15.027 23.927 .371
16.695 26.578 .371
19.014 30.266 .371
13.005 20.724 .372
13.303 21.205 .372
14.753 23.514 .372
15.361 24.493 .372
17.647 28.147 .373
14.044 22.448 .374
13.15 21.059 .375
12.059 19.336 .376
14.71 23.589 .376
12.571 20.192 .377
13.643 21.915 .377
14.217 22.838 .377
14.391 23.132 .377
18.449 29.639 .377
19.536 31.383 .377
17.053 27.417 .378
18.744 30.162 .378
14.484 23.334 .379
14.81 23.849 .379
17.249 27.795 .379
12.486 20.163 .380
16.907 27.273 .380
15.547 25.144 .381
11.11 17.995 .382
16.558 26.829 .382
14.503 23.522 .383
14.826 24.043 .383
16.761 27.174 .383
9.035 14.653 .383
8.641 14.033 .384
13.601 22.118 .385
14.451 23.501 .385
15.825 25.739 .385
15.803 25.767 .386
15.436 25.286 .389
14.133 23.201 .390
14.905 24.442 .390
10.019 16.476 .391
12.287 20.187 .391
17.274 28.405 .391
12.894 21.220 .392
14.792 24.361 .392
11.692 19.264 .393
12.643 20.830 .393
11.867 19.661 .396
15.374 25.460 .396
14.706 24.417 .397
14.956 24.832 .397
16.824 27.946 .397
12.799 21.288 .398
12.923 21.482 .398
12.923 21.485 .398
11.405 18.993 .399
14.093 23.460 .399
16.982 28.270 .399
11.037 18.423 .400
15.662 26.145 .400
15.193 25.379 .401
18.125 30.287 .401
8.122 13.579 .401
10.905 18.250 .402
11.6 19.411 .402
11.633 19.459 .402
14.511 24.279 .402
11.489 19.261 .403
13.457 22.564 .403
14.074 23.582 .403
12.084 20.296 .404
12.833 21.546 .404
13.696 22.996 .404
15.762 26.486 .404
13.224 22.274 .406
13.885 23.394 .406
15.548 26.214 .406
8.535 14.374 .406
8.653 14.587 .406
11.448 19.334 .407
13.804 23.289 .407
14.953 25.249 .407
15.671 26.452 .407
16.518 27.879 .407
11.651 19.706 .408
12.243 20.694 .408
13.718 23.190 .408
12.018 20.343 .409
12.916 21.883 .409
14.023 23.738 .409
14.428 24.422 .409
12.349 20.936 .410
15.119 25.658 .410
15.533 26.351 .410
11.822 20.102 .411
11.994 20.372 .411
12.136 20.616 .411
15.043 25.544 .411
10.99 18.704 .412
13.778 23.445 .412
14.167 24.107 .412
14.397 24.503 .412
14.609 24.858 .412
24.172 41.134 .412
8.522 14.503 .412
15.209 25.928 .413
15.499 26.410 .413
8.689 14.833 .414
12.907 22.088 .415
13.938 23.842 .415
14.12 24.138 .415
13.28 22.741 .416
15.847 27.173 .416
11.757 20.190 .417
12.102 20.774 .417
14.701 25.237 .417
11.126 19.139 .418
12.808 22.010 .418
14.659 25.192 .418
11.044 19.051 .420
12.474 21.571 .421
8.335 14.400 .421
11.155 19.315 .422
12.767 22.118 .422
10.944 18.978 .423
13.125 22.757 .423
15.189 26.353 .423
10.887 18.902 .424
13.235 23.002 .424
10.666 18.561 .425
12.807 22.304 .425
12.497 21.777 .426
13.201 23.036 .426
12.961 22.640 .427
11.021 19.304 .429
11.716 20.529 .429
11.505 20.194 .430
15.255 26.793 .430
10.811 19.032 .431
11.277 19.846 .431
13.637 24.004 .431
10.546 18.567 .432
9.14 16.139 .433
9.193 16.230 .433
10.721 18.951 .434
12.2 21.631 .435
10.12 17.969 .436
11.411 20.266 .436
12.477 22.148 .436
14.602 25.891 .436
10.894 19.372 .437
12.819 22.804 .437
13.013 23.129 .437
13.813 24.535 .437
24.02 42.692 .437
12.923 23.033 .438
10.399 18.540 .439
11.321 20.210 .439
12.623 22.581 .440
11.25 20.128 .441
11.555 20.685 .441
12.051 21.572 .441
14.457 25.900 .441
9.441 16.905 .441
10.91 19.559 .442
10.95 19.646 .442
11.815 21.179 .442
10.57 19.003 .443
10.03 18.054 .444
10.205 18.368 .444
11.683 21.018 .444
11.699 21.054 .444
11.884 21.389 .444
8.727 15.724 .444
9.005 16.208 .444
10.912 19.688 .445
13.206 23.822 .445
12.731 23.000 .446
8.667 15.668 .446
10.359 18.740 .447
11.22 20.319 .447
13.497 24.420 .447
12.042 21.853 .448
13.461 24.410 .448
11.486 20.879 .449
16.313 29.610 .449
9.983 18.146 .449
10.525 19.150 .450
12.988 23.639 .450
19.855 36.113 .450
10.487 19.116 .451
10.906 19.883 .451
10.983 20.020 .451
10.987 20.048 .451
11.105 20.252 .451
11.786 21.499 .451
12.243 22.343 .452
10.939 20.021 .453
9.383 17.165 .453
11.85 21.709 .454
12.317 22.582 .454
12.368 22.673 .454
12.424 22.778 .454
12.6 23.114 .454
10.624 19.527 .455
10.876 19.978 .455
11.525 21.157 .455
11.714 21.496 .455
18.659 34.259 .455
8.592 15.767 .455
10.917 20.069 .456
11.337 20.842 .456
11.977 22.037 .456
12.005 22.079 .456
11.14 20.541 .457
10.941 20.222 .458
11.856 21.879 .458
11.889 21.960 .458
12.215 22.545 .458
14.314 26.445 .458
9.513 17.558 .458
11.193 20.713 .459
11.227 20.771 .459
8.803 16.295 .459
10.013 18.569 .460
10.404 19.280 .460
11.677 21.663 .460
13.386 24.793 .460
13.463 24.958 .460
10.128 18.809 .461
12.238 22.730 .461
10.411 19.369 .462
10.661 19.842 .462
11.067 20.583 .462
11.397 21.188 .462
11.653 21.672 .462
11.988 22.318 .462
12.433 23.136 .462
11.248 20.956 .463
11.914 22.191 .463
11.976 22.337 .463
9.299 17.335 .463
11.012 20.545 .464
11.588 21.627 .464
11.716 21.894 .464
12.861 24.032 .464
9.576 17.891 .464
9.792 18.294 .464
9.833 18.364 .464
10.549 19.726 .465
10.783 20.172 .465
11.334 21.222 .465
11.877 22.220 .465
12.267 22.950 .465
13.043 24.394 .465
8.688 16.244 .465
8.999 16.829 .465
9.928 18.565 .465
9.742 18.257 .466
10.628 19.954 .467
11.553 21.681 .467
11.706 22.000 .467
11.739 22.049 .467
11.654 21.985 .469
8.488 15.996 .469
11.188 21.124 .470
11.699 22.078 .470
8.828 16.671 .470
10.212 19.323 .471
11.024 20.858 .471
11.345 21.460 .471
11.571 21.875 .471
9.008 17.055 .471
9.237 17.478 .471
10.813 20.499 .472
10.888 20.647 .472
11.101 21.051 .472
11.54 21.877 .472
11.56 21.934 .472
11.636 22.056 .472
12.029 22.812 .472
8.583 16.271 .472
8.836 16.764 .472
9.964 18.887 .472
10.696 20.306 .473
11.264 21.399 .473
9.696 18.400 .473
10.007 19.028 .474
10.323 19.660 .474
10.612 20.188 .474
11.39 21.664 .474
11.577 22.037 .474
11.585 22.050 .474
9.888 18.824 .474
9.995 19.002 .474
10.667 20.333 .475
12.224 23.312 .475
9.063 17.281 .475
10.519 20.108 .476
9.586 18.309 .476
9.98 19.061 .476
10.013 19.150 .477
10.406 19.926 .477
11.729 22.462 .477
11.996 22.946 .477
10.27 19.678 .478
11.227 21.519 .478
11.612 22.287 .478
8.503 16.314 .478
9.864 18.913 .478
10.437 20.066 .479
10.982 21.082 .479
11.391 21.874 .479
11.634 22.373 .479
7.99 15.342 .479
9.98 19.167 .479
10.019 19.270 .480
11.028 21.244 .480
11.054 21.272 .480
11.553 22.222 .480
8.408 16.183 .480
10.257 19.795 .481
10.657 20.572 .481
11.139 21.464 .481
9.827 18.956 .481
10.075 19.453 .482
10.089 19.478 .482
10.642 20.569 .482
11.003 21.250 .482
11.342 21.901 .482
11.42 22.082 .482
11.607 22.428 .482
11.693 22.581 .482
11.978 23.164 .482
12.109 23.395 .482
13.246 25.617 .482
8.565 16.548 .482
10.279 19.910 .483
10.5 20.329 .483
10.872 21.053 .483
23.979 46.464 .483
8.149 15.776 .483
8.936 17.315 .483
11.101 21.523 .484
11.145 21.621 .484
8.24 15.995 .484
8.552 16.580 .484
8.645 16.761 .484
9.505 18.421 .484
9.897 19.206 .484
11.705 22.750 .485
7.471 14.521 .485
10.242 19.940 .486
8.42 16.407 .486
10.331 20.140 .487
10.475 20.448 .487
10.704 20.889 .487
10.989 21.432 .487
8.834 17.223 .487
10.602 20.745 .488
10.728 20.963 .488
10.665 20.875 .489
8.331 16.312 .489
10.628 20.872 .490
11.204 21.997 .490
11.812 23.198 .490
9.264 18.172 .490
9.568 18.783 .490
9.699 19.039 .490
9.98 19.598 .490
10.216 20.104 .491
8.233 16.196 .491
8.264 16.247 .491
9.311 18.306 .491
9.448 18.598 .491
9.802 19.285 .491
10.301 20.297 .492
10.852 21.366 .492
11.495 22.659 .492
7.279 14.354 .492
9.207 18.126 .492
9.743 19.210 .492
10.798 21.331 .493
11.022 21.769 .493
8.828 17.436 .493
10.426 20.634 .494
10.778 21.305 .494
8.051 15.926 .494
10.72 21.266 .495
10.941 21.696 .495
13.497 26.758 .495
7.328 14.531 .495
7.377 14.634 .495
8.053 15.977 .495
9.543 18.934 .495
9.915 19.641 .495
10.029 19.916 .496
10.975 21.805 .496
11.646 23.148 .496
8.145 16.192 .496
8.313 16.518 .496
9.745 19.348 .496
10.161 20.219 .497
10.206 20.330 .497
10.231 20.375 .497
11.498 22.902 .497
8.61 17.121 .497
9.685 19.257 .497
11.271 22.460 .498
8.075 16.103 .498
8.545 17.023 .498
9.279 18.514 .498
9.989 19.923 .498
10.807 21.581 .499
9.73 19.445 .499
9.818 19.624 .499
9.869 19.724 .499
6.766 13.555 .500
9.745 19.528 .500
9.973 19.969 .500
8.706 17.465 .501
9.706 19.468 .501
10.125 20.360 .502
10.773 21.659 .502
10.934 21.956 .502
8.153 16.373 .502
8.158 16.398 .502
8.569 17.229 .502
8.851 17.780 .502
10.533 21.219 .503
7.679 15.478 .503
8.604 17.333 .503
9.011 18.133 .503
10.093 20.356 .504
10.12 20.408 .504
7.984 16.115 .504
8.011 16.159 .504
9.718 19.598 .504
9.915 20.015 .504
10.088 20.405 .505
10.157 20.549 .505
10.39 21.022 .505
10.442 21.133 .505
10.505 21.244 .505
10.618 21.466 .505
6.878 13.910 .505
8.425 17.044 .505
8.635 17.478 .505
9.762 19.727 .505
10.401 21.056 .506
11.094 22.485 .506
8.044 16.290 .506
8.738 17.708 .506
8.933 18.096 .506
9.216 18.663 .506
10.206 20.741 .507
10.528 21.375 .507
10.671 21.673 .507
10.673 21.660 .507
7.737 15.699 .507
8.322 16.881 .507
8.804 17.885 .507
7.42 15.090 .508
7.962 16.191 .508
8.22 16.719 .508
8.585 17.474 .508
9.58 19.499 .508
9.714 19.744 .508
9.885 20.120 .508
11.022 22.457 .509
11.083 22.604 .509
7.889 16.087 .509
8.197 16.704 .509
8.91 18.149 .509
9.185 18.744 .509
9.786 19.938 .509
10.678 21.823 .510
15.856 32.392 .510
7.784 15.910 .510
8.427 17.218 .510
8.984 18.363 .510
9.608 19.612 .510
10.015 20.485 .511
10.606 21.713 .511
14.176 29.038 .511
9.666 19.798 .511
10.146 20.819 .512
7.332 15.038 .512
7.441 15.288 .513
8.926 18.342 .513
9.254 19.028 .513
9.542 19.611 .513
9.668 19.868 .513
9.898 20.341 .513
10.524 21.675 .514
7.06 14.556 .514
8.134 16.760 .514
8.273 17.036 .514
8.517 17.533 .514
9.113 18.777 .514
9.601 19.775 .514
9.907 20.388 .514
10.026 20.697 .515
8.161 16.861 .515
8.167 16.859 .515
9.329 19.269 .515
9.521 19.650 .515
9.558 19.746 .515
9.578 19.773 .515
6.56 13.556 .516
8.907 18.408 .516
9.333 19.308 .516
9.777 20.217 .516
9.834 20.329 .516
7.072 14.644 .517
8.093 16.786 .517
8.535 17.677 .517
9.191 19.031 .517
10.791 22.419 .518
7.057 14.655 .518
7.512 15.600 .518
8.159 16.945 .518
8 16.612 .518
8.337 17.300 .518
8.781 18.254 .518
9.15 18.994 .518
9.438 19.604 .518
9.503 19.718 .518
9.785 20.318 .518
7.903 16.456 .519
8.4 17.474 .519
9.271 19.275 .519
9.522 19.800 .519
10.656 22.204 .520
11.703 24.411 .520
7.82 16.325 .520
8.363 17.437 .520
8.638 18.001 .520
8.921 18.622 .520
9.294 19.386 .520
7.571 15.816 .521
7.841 16.379 .521
8.407 17.574 .521
8.488 17.745 .521
8.766 18.313 .521
8.85 18.492 .521
10.026 21.006 .522
8.849 18.516 .522
9.545 19.979 .522
7.759 16.287 .523
7.896 16.568 .523
8.217 17.256 .523
8.235 17.277 .523
8.899 18.675 .523
9.139 19.163 .523
9.66 20.269 .523
9.666 20.305 .523
8.637 18.160 .524
8.173 17.232 .525
8.235 17.370 .525
8.677 18.300 .525
9.334 19.691 .525
9.342 19.678 .525
11.674 24.677 .526
8.857 18.690 .526
9.146 19.321 .526
9.211 19.437 .526
9.261 19.549 .526
9.261 19.561 .526
7.998 16.916 .527
8.246 17.437 .527
8.3 17.569 .527
8.539 18.091 .527
8.565 18.118 .527
9.081 19.234 .527
9.326 19.737 .527
9.425 19.953 .527
9.71 20.551 .527
7.217 15.294 .528
8.21 17.420 .528
8.308 17.619 .528
8.867 18.794 .528
9.13 19.372 .528
10.583 22.504 .529
8.03 17.081 .529
8.189 17.392 .529
10.169 21.662 .530
14.48 30.827 .530
6.957 14.832 .530
8.283 17.641 .530
8.515 18.153 .530
8.907 18.977 .530
9.116 19.409 .530
9.365 19.964 .530
24.195 51.651 .531
7.018 14.990 .531
8.781 18.755 .531
8.998 19.190 .531
9.322 19.893 .531
7.636 16.338 .532
7.971 17.046 .532
9.426 20.167 .532
9.878 21.139 .532
10.302 22.086 .533
10.325 22.156 .533
8.12 17.410 .533
8.129 17.441 .533
8.322 17.840 .533
9.311 19.979 .533
16.984 36.506 .534
7.276 15.623 .534
8.018 17.230 .534
8.654 18.579 .534
8.804 18.915 .534
8.981 19.297 .534
9.046 19.438 .534
9.482 20.376 .534
9.797 21.044 .534
7.854 16.894 .535
8.142 17.528 .535
8.196 17.650 .535
8.669 18.660 .535
8.86 19.083 .535
9.023 19.431 .535
9.734 20.939 .535
9.994 21.526 .535
7.367 15.897 .536
7.396 15.943 .536
7.946 17.132 .536
7.973 17.197 .536
8.543 18.449 .536
8.671 18.719 .536
8.773 18.913 .536
9.62 20.739 .536
9.708 20.966 .536
9.907 21.396 .536
7.862 16.992 .537
7.914 17.115 .537
8.053 17.397 .537
8.601 18.608 .537
8.607 18.606 .537
9.209 19.917 .537
9.348 20.199 .537
9.586 20.734 .537
9.912 21.419 .537
10.873 23.560 .538
7.796 16.908 .538
8.051 17.461 .538
8.666 18.792 .538
8.738 18.941 .538
7.444 16.182 .539
7.459 16.214 .539
8.401 18.225 .539
8.743 18.979 .539
9.054 19.681 .539
9.096 19.742 .539
9.919 21.549 .539
6.825 14.859 .540
7.995 17.385 .540
8.802 19.146 .540
8.901 19.378 .540
6.374 13.907 .541
7.402 16.140 .541
7.859 17.147 .541
8.002 17.434 .541
8.576 18.718 .541
8.819 19.240 .541
8.202 17.933 .542
6.948 15.209 .543
7.45 16.308 .543
7.72 16.910 .543
7.739 16.966 .543
8.259 18.080 .543
8.375 18.365 .543
8.412 18.412 .543
8.652 18.948 .543
8.745 19.176 .543
9.091 19.900 .543
9.171 20.085 .543
9.467 20.726 .543
9.87 21.633 .543
6.898 15.160 .544
7.416 16.282 .544
8.23 18.077 .544
8.523 18.693 .544
8.547 18.770 .544
8.949 19.663 .544
9.648 21.173 .544
7.476 16.445 .545
7.968 17.540 .545
8.387 18.463 .545
8.509 18.726 .545
7.519 16.565 .546
8.331 18.370 .546
8.989 19.828 .546
9.117 20.103 .546
9.554 21.079 .546
6.761 14.956 .547
7.412 16.377 .547
7.552 16.696 .547
8.459 18.681 .547
6.235 13.816 .548
7.219 16.005 .548
7.736 17.122 .548
8.856 19.604 .548
10.282 22.833 .549
7.483 16.627 .549
7.51 16.652 .549
7.781 17.283 .549
7.916 17.588 .549
9.891 21.946 .549
6.924 15.392 .550
8.002 17.783 .550
9.281 20.640 .550
10.023 22.361 .551
15.074 33.587 .551
7.212 16.067 .551
7.231 16.114 .551
7.7 17.151 .551
7.939 17.684 .551
8.549 19.056 .551
9.174 20.473 .551
9.363 20.889 .551
10.054 22.457 .552
7.074 15.807 .552
7.618 17.037 .552
7.839 17.511 .552
8.004 17.871 .552
8.286 18.524 .552
8.758 19.550 .552
8.949 19.996 .552
11.812 26.467 .553
7.55 16.923 .553
7.737 17.339 .553
7.816 17.498 .553
8.339 18.667 .553
8.854 19.827 .553
9.106 20.404 .553
9.815 21.961 .553
6.013 13.483 .554
7.704 17.309 .554
8.101 18.187 .554
8.701 19.512 .554
8.725 19.566 .554
10.042 22.588 .555
10.469 23.550 .555
6.373 14.331 .555
6.94 15.622 .555
7.479 16.809 .555
7.716 17.359 .555
7.736 17.385 .555
8.783 19.754 .555
8.884 19.974 .555
9.333 21.020 .555
7.138 16.100 .556
7.845 17.685 .556
7.918 17.836 .556
7.984 18.021 .556
8.388 18.921 .556
8.911 20.079 .556
10.203 23.076 .557
7.513 16.975 .557
7.814 17.645 .557
8.413 18.991 .557
8.539 19.284 .557
8.712 19.677 .557
8.976 20.278 .557
6.838 15.480 .558
7.383 16.737 .558
8.208 18.604 .558
8.696 19.709 .558
11.164 25.340 .559
6.369 14.464 .559
7.183 16.293 .559
7.199 16.337 .559
7.442 16.876 .559
7.599 17.233 .559
7.769 17.628 .559
7.817 17.757 .559
8.247 18.740 .559
6.727 15.323 .560
7.188 16.348 .560
7.365 16.772 .560
7.566 17.225 .560
7.959 18.106 .560
8.146 18.518 .560
7.291 16.620 .561
7.732 17.651 .561
8.166 18.618 .561
9.167 20.918 .561
7.532 17.228 .562
7.68 17.570 .562
7.747 17.689 .562
7.982 18.239 .562
10.977 25.140 .563
7.203 16.515 .563
7.376 16.896 .563
7.647 17.518 .563
8.802 20.184 .563
10.197 23.424 .564
7.451 17.107 .564
7.941 18.244 .564
7.978 18.338 .564
9.024 20.714 .564
9.103 20.900 .564
8.047 18.517 .565
8.536 19.636 .565
10.596 24.470 .566
6.665 15.386 .566
6.958 16.067 .566
7.093 16.364 .566
8.048 18.557 .566
8.073 18.619 .566
8.451 19.507 .566
7.036 16.271 .567
7.331 16.955 .567
7.718 17.860 .567
8.224 19.022 .567
8.6 19.882 .567
8.853 20.476 .567
9.077 20.995 .567
5.818 13.478 .568
6.421 14.868 .568
6.816 15.813 .568
7.145 16.571 .568
7.565 17.529 .568
7.738 17.944 .568
8.16 18.932 .568
8.51 19.723 .568
9.382 21.740 .568
9.417 21.835 .568
7.148 16.598 .569
7.809 18.122 .569
8.064 18.718 .569
8.074 18.739 .569
8.35 19.393 .569
9.056 21.049 .569
7.438 17.333 .570
7.482 17.423 .570
7.669 17.870 .570
8.196 19.074 .570
8.296 19.314 .570
7.99 18.665 .571
8.381 19.581 .571
5.994 14.033 .572
7.644 17.870 .572
7.88 18.443 .572
7.915 18.514 .572
8.879 20.766 .572
23.982 56.234 .573
6.71 15.748 .573
7.059 16.550 .573
7.097 16.655 .573
7.624 17.882 .573
7.876 18.488 .573
8.308 19.488 .573
7.099 16.678 .574
7.939 18.646 .574
6.135 14.456 .575
6.674 15.739 .575
6.692 15.751 .575
7.334 17.260 .575
8.115 19.117 .575
8.96 21.089 .575
6.561 15.493 .576
6.782 15.997 .576
8.158 19.261 .576
10.033 23.759 .577
6.865 16.249 .577
7.034 16.654 .577
7.211 17.048 .577
8.226 19.489 .577
8.253 19.547 .577
11.206 26.589 .578
8.31 19.722 .578
6.582 15.670 .579
7.212 17.165 .579
7.553 17.978 .579
7.678 18.274 .579
8.027 19.111 .579
8.271 19.687 .579
8.582 20.402 .579
8.665 20.588 .579
8.757 20.826 .579
6.257 14.923 .580
6.929 16.504 .580
6.979 16.618 .580
7.164 17.079 .580
7.272 17.326 .580
7.708 18.391 .580
7.945 18.946 .580
8.564 20.411 .580
8.653 20.623 .580
5.863 14.011 .581
7.013 16.774 .581
7.438 17.791 .581
7.715 18.451 .581
8.01 19.161 .581
8.442 20.150 .581
7.094 17.001 .582
7.139 17.093 .582
7.481 17.902 .582
7.499 17.975 .582
7.809 18.700 .582
8.217 19.702 .582
6.547 15.730 .583
6.795 16.328 .583
6.948 16.681 .583
6.987 16.786 .583
7.339 17.618 .583
8.176 19.633 .583
6 14.437 .584
6.49 15.615 .584
6.914 16.642 .584
7.932 19.070 .584
8 19.246 .584
9.556 22.995 .584
7.381 17.794 .585
8.13 19.602 .585
7.467 18.052 .586
7.79 18.848 .586
8.961 21.670 .586
15.139 36.665 .587
6.979 16.915 .587
7.449 18.051 .587
7.767 18.844 .587
7.793 18.883 .587
8.564 20.747 .587
6.274 15.241 .588
7.306 17.755 .588
7.696 18.713 .588
8.91 21.635 .588
6.573 16.020 .589
7.45 18.167 .589
7.152 17.459 .590
7.945 19.393 .590
6.726 16.450 .591
7.386 18.078 .591
7.731 18.918 .591
8.484 20.764 .591
8.472 20.779 .592
14.978 36.859 .593
5.128 12.602 .593
8.464 20.828 .593
7.127 17.588 .594
7.55 18.617 .594
7.875 19.433 .594
8.368 20.613 .594
6.453 15.958 .595
7.677 19.002 .595
19.088 47.359 .596
5.895 14.599 .596
6.248 15.470 .596
6.342 15.705 .596
7.07 17.526 .596
7.295 18.091 .596
6.274 15.595 .597
7.347 18.244 .597
6.127 15.262 .598
7.781 19.382 .598
7.982 19.872 .598
6.644 16.569 .599
7.78 19.433 .599
7.141 17.890 .600
7.68 19.209 .600
6.405 16.055 .601
6.958 17.451 .601
7.078 17.740 .601
7.216 18.118 .601
8.401 21.100 .601
16.098 40.527 .602
6.265 15.758 .602
7.82 19.654 .602
6.079 15.346 .603
6.357 16.052 .603
7.054 17.809 .603
7.421 18.718 .603
7.775 19.607 .603
9.226 23.294 .603
6.51 16.475 .604
6.862 17.351 .604
6.892 17.440 .604
7.845 19.812 .604
7.934 20.072 .604
5.198 13.192 .605
5.855 14.842 .605
7.094 17.990 .605
7.318 18.559 .605
6.662 16.950 .606
7.674 19.516 .606
7.795 19.821 .606
5.445 13.855 .607
6.339 16.153 .607
6.415 16.334 .607
7.346 18.732 .607
5.593 14.297 .608
8.628 22.060 .608
7.235 18.527 .609
7.975 20.425 .609
15.451 39.627 .610
7.077 18.149 .610
7.207 18.514 .610
7.741 19.862 .610
7.844 20.132 .610
6.031 15.523 .611
6.119 15.734 .611
6.516 16.788 .611
5.318 13.741 .612
6.448 16.656 .612
7.521 19.386 .612
5.741 14.857 .613
5.851 15.156 .613
6.222 16.080 .613
7.416 19.202 .613
7.89 20.411 .613
5.947 15.419 .614
6.056 15.704 .614
6.09 15.818 .614
6.55 17.016 .615
7.035 18.280 .615
9.186 23.909 .615
5.537 14.454 .616
5.74 14.981 .616
6.11 15.912 .616
7.604 19.875 .617
6.763 17.750 .618
6.938 18.178 .618
7.019 18.397 .618
7.044 18.457 .618
5.823 15.318 .619
6.964 18.325 .619
7.052 18.556 .619
7.751 20.387 .619
5.417 14.266 .620
6.293 16.599 .620
9.466 24.958 .620
6.347 16.758 .621
6.751 17.853 .621
15.231 40.383 .622
9.52 25.208 .622
6.94 18.437 .623
7.076 18.815 .623
7.746 20.586 .623
5.332 14.201 .624
6.013 16.010 .624
6.709 17.890 .624
5.136 13.700 .625
6.399 17.067 .625
6.915 18.478 .625
6.973 18.674 .626
7.284 19.490 .626
7.454 19.969 .626
7.555 20.229 .626
6.079 16.380 .628
5.766 15.549 .629
7.144 19.358 .630
6.005 16.309 .631
4.639 12.647 .633
6.966 19.076 .634
5.838 16.047 .636
10.648 29.405 .637
5.698 15.705 .637
6.392 17.610 .637
6.594 18.178 .637
8.675 23.946 .637
4.303 11.914 .638
6.208 17.177 .638
5.246 14.540 .639
6.363 17.662 .639
7.056 19.706 .641
6.02 16.851 .642
6.677 18.684 .642
5.843 16.411 .643
6.63 18.598 .643
6.625 18.614 .644
6.996 19.695 .644
12.366 34.899 .645
5.784 16.326 .645
5.867 16.612 .646
6.96 19.691 .646
5.813 16.538 .648
6.169 17.574 .648
9.729 27.692 .648
5.76 16.413 .649
6.079 17.339 .649
6.87 19.658 .650
4.856 13.955 .652
16.033 46.322 .653
5.753 16.583 .653
4.488 13.089 .657
5.752 16.787 .657
14.949 43.913 .659
5.431 15.956 .659
10.563 31.148 .660
10.7 31.495 .660
5.792 17.036 .660
4.875 14.409 .661
9.27 27.421 .661
10.275 30.627 .664
6.362 18.991 .664
11.059 33.064 .665
4.199 12.583 .666
4.548 13.628 .666
5.668 16.975 .666
3.812 11.472 .667
5.538 16.801 .670
3.882 11.857 .672
4.034 12.335 .672
4.578 14.031 .673
9.255 28.556 .675
3.23 10.034 .678
3.863 12.112 .681
9.846 30.866 .681
10.588 33.419 .683
3.98 12.566 .683
4.561 14.445 .684
5.729 18.218 .685
11.131 35.609 .687
3.601 11.532 .687
4.311 13.780 .687
5.062 16.316 .689
9.403 30.294 .689
3.653 11.819 .690
3.195 10.343 .691
4.515 14.650 .691
4.142 13.524 .693
4.454 14.525 .693
3.744 12.280 .695
4.59 15.127 .696
4.648 15.324 .696
3.926 12.996 .697
4.585 15.176 .697
3.8 12.593 .698
3.63 12.137 .700
4.437 14.982 .703
4.449 14.991 .703
3.884 13.194 .705
9.045 30.881 .707
10.04 34.403 .708
3.655 12.538 .708
7.822 26.856 .708
4.378 15.095 .709
10.628 36.770 .710
4.075 14.371 .716
4.252 15.017 .716
3.509 12.423 .717
3.566 12.762 .720
3.632 13.017 .720
3.89 14.037 .722
4.341 15.683 .723
3.429 12.453 .724
3.447 12.513 .724
3.455 12.545 .724
4.231 15.362 .724
10.726 39.169 .726
3.073 11.263 .727
5.127 18.988 .729
2.888 10.707 .730
3.945 14.891 .735
9.418 35.567 .735
3.863 14.679 .736
3.129 12.073 .740
4.902 18.877 .740
10.148 39.218 .741
8.46 32.943 .743
3.706 14.527 .744
3.043 12.064 .747
3.318 13.145 .747
2.941 11.753 .749
2.867 11.469 .750
3.588 14.412 .751
4.678 18.796 .751
9.634 39.009 .753
3.421 14.188 .758
3.678 15.270 .759
3.449 14.602 .763
2.777 12.007 .768
2.964 12.900 .770
2.051 8.995 .771
3.025 13.384 .773
3.204 14.130 .773
2.246 10.076 .777
3.912 17.548 .777
2.618 11.808 .778
4.109 18.713 .780
2.414 11.028 .781
2.15 9.893 .782
2.35 10.827 .782
2.121 9.803 .783
3.041 14.336 .787
8.016 37.817 .788
2.392 11.382 .789
1.945 9.304 .790
2.324 11.099 .790
2.498 12.048 .792
2.758 13.273 .792
2.256 10.917 .793
3.275 15.853 .793
3.459 16.891 .795
9.394 45.916 .795
3.649 17.962 .796
1.53 7.555 .797
2.925 14.451 .797
2.512 12.451 .798
1.93 9.828 .803
1.965 10.135 .806
2.873 14.935 .807
2.7 14.142 .809
1.787 9.547 .812
1.87 9.995 .812
2.266 12.137 .813
1.738 9.349 .814
2.098 11.316 .814
1.717 9.300 .815
2.252 12.372 .817
2.044 11.294 .819
1.81 10.181 .822
1.652 9.346 .823
1.745 9.907 .823
2.596 14.682 .823
1.493 8.484 .824
2.114 12.352 .828
1.978 11.746 .831
1.649 9.843 .832
1.939 11.543 .832
1.431 8.696 .835
1.715 10.532 .837
2.19 13.468 .837
1.751 11.071 .841
1.956 12.476 .843
1.715 11.064 .844
1.928 12.517 .845
4.939 32.035 .845
1.674 11.079 .848
1.249 8.279 .849
1.627 10.979 .851
1.699 11.494 .852
1.732 11.899 .854
1.845 12.727 .855
1.31 9.160 .856
1.748 12.143 .856
1.632 11.481 .857
1.232 8.814 .860
1.63 11.712 .860
1.691 12.229 .861
1.677 12.392 .864
1.248 9.354 .866
1.348 10.441 .870
1.186 9.315 .872
1.544 12.134 .872
1.551 12.212 .872
1.108 8.817 .874
1.704 13.604 .874
0.997 8.002 .875
1.177 9.456 .875
1.613 12.909 .875
1.336 10.854 .876
1.401 11.452 .877
1.302 10.741 .878
1.389 11.503 .879
1.442 11.938 .879
1.633 13.623 .880
0.891 7.544 .881
1.221 10.357 .882
1.309 11.246 .883
1.082 9.476 .885
1.243 10.883 .885
1.084 9.625 .887
1.186 10.518 .887
1.21 10.954 .889
1.083 9.931 .890
1.13 10.295 .890
0.901 8.329 .891
1.09 10.181 .892
1.214 11.278 .892
0.851 7.988 .893
1.215 11.389 .893
0.65 6.181 .894
1.022 9.675 .894
1.077 10.184 .894
0.984 9.431 .895
1.003 9.635 .895
0.887 8.545 .896
1.058 10.260 .896
0.872 8.496 .897
1.056 10.331 .897
0.901 8.961 .899
0.949 9.420 .899
1.035 10.331 .899
1.035 10.391 .900
0.772 7.800 .901
0.898 9.133 .901
0.901 9.185 .901
1.258 12.771 .901
0.911 9.425 .903
0.969 10.189 .904
0.849 8.972 .905
1.05 11.056 .905
1.017 10.914 .906
0.938 10.138 .907
0.96 10.374 .907
1.026 11.065 .907
0.873 9.547 .908
1.076 11.810 .908
0.86 9.509 .909
0.87 9.764 .910
0.955 10.796 .911
1.088 12.260 .911
1.104 12.542 .911
1.12 12.697 .911
0.978 11.225 .912
1.067 12.179 .912
0.825 9.590 .913
0.978 11.304 .913
0.983 11.367 .913
1.054 12.151 .913
1.607 18.487 .913
0.908 10.639 .914
0.902 10.612 .915
0.99 11.689 .915
0.778 9.417 .917
0.816 9.926 .917
0.816 10.051 .918
0.597 7.433 .919
0.781 9.848 .920
0.894 11.224 .920
0.784 10.011 .921
0.65 8.358 .922
0.826 10.703 .922
0.835 10.823 .922
0.708 9.299 .923
0.801 10.433 .923
0.812 10.652 .923
0.718 9.495 .924
0.742 9.981 .925
0.812 10.963 .925
0.649 8.810 .926
0.696 9.462 .926
0.712 9.648 .926
0.55 7.552 .927
0.568 7.877 .927
0.701 9.691 .927
0.722 10.013 .927
0.806 11.042 .927
0.589 8.266 .928
0.789 10.987 .928
0.827 11.520 .928
0.641 9.041 .929
0.793 11.400 .930
0.712 10.382 .931
0.622 9.247 .932
0.641 9.520 .932
0.727 10.939 .933
0.518 7.868 .934
0.571 8.878 .935
0.741 11.663 .936
0.528 8.427 .937
0.693 11.125 .937
0.712 11.420 .937
0.494 8.047 .938
0.709 11.509 .938
0.57 9.422 .939
0.606 10.212 .940
0.438 7.520 .941
0.601 10.201 .941
0.617 10.615 .941
0.644 10.929 .941
0.482 8.575 .943
0.491 8.739 .943
0.658 11.663 .943
0.421 7.535 .944
0.459 8.423 .945
0.442 8.421 .947
0.458 8.747 .947
0.669 12.762 .947
0.416 8.010 .948
0.442 8.611 .948
0.48 9.308 .948
0.38 7.468 .949
0.419 8.371 .949
0.44 8.746 .949
0.386 7.808 .950
0.409 8.327 .950
0.545 10.994 .950
0.361 7.429 .951
0.466 9.697 .951
1.097 22.648 .951
0.388 8.186 .952
0.582 12.243 .952
0.422 9.014 .953
0.423 9.042 .953
0.356 7.864 .954
0.386 8.536 .954
0.38 8.555 .955
0.351 8.069 .956
0.366 8.391 .956
0.384 8.765 .956
0.392 8.973 .956
0.394 9.076 .956
0.422 9.630 .956
0.533 12.326 .956
0.379 8.975 .957
0.386 9.024 .957
0.395 9.627 .958
0.361 8.855 .959
0.387 9.544 .959
0.454 11.144 .959
0.304 7.628 .960
0.324 8.135 .960
0.343 8.684 .960
0.403 10.485 .961
0.412 10.819 .961
0.434 11.293 .961
0.304 8.157 .962
0.328 8.835 .962
0.332 8.884 .962
0.272 7.758 .964
0.3 8.362 .964
0.259 7.800 .966
0.265 7.952 .966
0.287 8.525 .966
0.298 8.915 .966
0.34 10.065 .966
0.361 10.840 .966
0.294 9.105 .967
0.243 7.733 .968
0.259 8.171 .968
0.302 9.475 .968
0.305 9.745 .968
0.284 9.418 .969
0.316 10.444 .969
0.233 7.939 .970
0.239 8.146 .970
0.267 8.938 .970
0.267 9.376 .971
0.152 5.624 .972
0.183 6.759 .972
0.229 8.207 .972
0.531 19.484 .972
0.213 7.995 .973
0.261 9.924 .973
0.164 6.347 .974
0.215 8.525 .974
0.23 9.003 .974
0.243 9.874 .975
0.253 10.928 .976
0.159 7.117 .977
0.209 9.205 .977
0.21 9.245 .977
0.144 6.803 .978
0.145 6.803 .978
0.227 10.331 .978
0.136 6.668 .979
0.16 7.719 .979
0.174 8.427 .979
0.601 28.778 .979
0.497 25.001 .980
0.21 11.519 .981
0.123 6.895 .982
0.132 7.408 .982
0.144 8.052 .982
0.193 10.993 .982
0.138 8.294 .983
0.106 6.902 .984
0.109 6.998 .984
0.118 7.864 .984
0.078 5.566 .985
0.092 6.337 .985
0.099 6.833 .985
0.103 6.984 .985
0.105 7.168 .985
0.096 6.982 .986
0.112 8.068 .986
0.12 8.756 .986
0.078 6.821 .988
0.081 7.117 .988
0.092 7.756 .988
0.079 7.846 .989
0.093 9.286 .989
0.075 8.986 .991
0.055 11.676 .995
