40.383
36.665
32.392
30.827
26.467
23.395
01:40
19.650
16.010
15.705
17.478
16.992
17.037
19.275
18.794
18.365
17.860
16.908
16.182
16.966
16.308
17.081
16.325
18.160
20.066
19.598
17.836
19.163
19.378
20.741
20.872
18.913
18.400
14.556
16.196
16.159
16.859
19.083
18.516
18.622
18.994
22.804
19.321
30.075
29.146
43.386
28.548
29.058
28.220
26.658
26.647
24.299
22.320
26.510
26.534
26.263
28.409
27.040
27.063
27.979
27.506
27.322
27.109
26.215
25.369
29.271
32.650
32.123
32.113
30.594
32.253
31.899
30.346
31.039
31.687
30.622
30.560
31.688
31.688
30.399
30.415
29.358
30.108
19.336
17.995
52.310
47.401
37.755
32.189
27.206
23.239
22.629
22.288
21.469
23.647
20.856
22.180
21.635
21.525
23.024
22.548
22.717
22.699
21.921
21.291
25.550
25.771
25.138
24.166
25.194
26.480
27.467
26.051
26.568
25.011
25.873
25.831
26.272
26.302
25.646
26.661
29.071
27.064
25.840
25.886
24.298
22.961
22.930
23.730
23.452
24.745
23.768
25.082
23.233
22.980
22.833
24.814
22.623
23.142
22.217
25.406
24.014
23.746
24.349
22.188
23.361
23.128
23.385
22.825
23.282
22.864
25.018
23.439
22.439
23.815
22.682
23.690
23.335
21.853
23.178
19.341
8.421
7.468
7.628
24.051
24.387
23.749
23.423
22.550
26.866
26.538
25.682
23.667
22.986
21.049
19.917
19.754
19.433
18.437
17.610
17.853
18.556
17.093
39.009
30.294
22.995
19.681
17.228
17.750
16.583
16.326
17.177
16.475
18.921
19.314
19.382
19.862
20.411
19.691
18.991
18.614
18.684
17.890
19.775
19.979
21.419
22.086
19.875
20.586
19.358
19.658
18.674
18.178
13.907
14.531
19.468
21.079
20.739
20.613
22.504
20.132
20.229
19.654
10.993
16.599
20.102
21.482
21.915
21.849
20.713
20.819
21.139
21.549
21.675
20.889
22.996
23.522
23.927
21.485
22.148
22.222
22.204
22.659
23.148
22.946
16.896
16.772
17.533
16.704
17.461
18.239
18.770
18.946
19.022
17.978
18.604
19.111
18.078
17.794
18.488
17.685
18.667
18.391
18.244
18.122
19.161
19.117
18.517
18.619
18.106
17.684
19.974
19.393
19.074
18.646
17.990
18.167
18.739
18.518
17.529
18.608
19.261
19.507
18.740
18.665
18.514
19.246
18.051
18.524
21.519
22.373
22.037
21.696
21.621
19.709
19.677
19.550
19.070
15.751
43.913
39.169
35.609
34.899
26.589
23.560
30.627
20.388
20.306
19.039
21.124
21.272
21.331
21.874
21.660
19.566
18.557
18.719
14.868
16.153
18.663
18.977
18.726
19.602
19.393
19.202
19.433
18.918
18.700
16.571
15.897
14.832
16.247
18.718
19.691
20.167
19.409
19.718
19.234
17.132
17.574
16.192
15.996
18.744
18.690
19.549
19.612
19.437
19.900
17.871
17.046
16.518
19.051
20.842
22.082
21.681
21.399
21.805
22.037
20.222
19.028
18.565
18.902
20.499
21.894
21.672
22.056
21.877
21.709
20.252
19.280
18.740
18.561
20.858
21.663
21.627
22.950
22.191
21.960
21.389
19.883
20.319
19.315
20.745
22.462
22.343
21.460
22.673
22.640
20.069
19.150
16.760
16.087
15.748
16.328
16.348
15.739
15.323
15.386
36.770
31.495
24.470
23.550
18.463
18.244
18.280
18.149
17.755
18.225
19.893
19.996
20.826
20.402
20.150
19.882
19.607
19.284
18.713
14.011
15.926
16.271
20.341
21.173
20.551
20.747
20.764
20.828
19.687
19.812
18.451
17.944
15.478
16.244
19.270
20.104
20.360
19.581
19.722
18.178
12.392
12.143
11.494
15.776
16.407
19.846
17.121
18.913
18.618
18.948
18.681
17.757
17.079
16.618
15.730
15.392
16.183
9.076
8.746
8.684
8.884
8.855
14.033
14.653
27.238
16.406
13.579
14.503
14.400
14.833
14.374
14.587
16.476
17.353
17.639
17.422
7.544
19.895
20.039
22.251
15.668
20.956
13.384
19.964
10.485
9.376
20.172
12.602
13.483
15.493
16.067
16.550
16.334
15.997
13.780
11.481
10.184
9.625
9.456
9.590
9.691
9.247
9.926
9.547
9.495
19.661
20.724
19.261
55.823
11.808
12.352
12.451
12.372
11.316
10.532
22.648
18.487
8.002
8.817
11.064
11.452
12.229
11.810
11.899
12.212
20.569
14.540
13.955
14.437
14.982
15.095
12.517
12.727
11.689
11.367
48.335
28.685
23.632
23.198
22.304
23.164
22.902
22.428
21.901
21.051
20.819
9.931
14.037
14.525
14.130
10.840
10.444
10.065
9.418
10.929
11.676
10.928
9.874
12.048
23.312
13.468
20.588
20.072
13.604
13.623
12.909
12.134
11.712
19.688
19.372
34.015
25.658
26.486
22.545
24.032
21.432
24.832
16.652
16.719
15.090
11.294
18.777
36.966
26.222
23.849
20.020
30.384
21.018
30.450
12.423
11.532
11.472
11.857
12.112
12.280
12.513
12.137
12.593
11.819
12.545
12.453
12.073
11.753
11.469
10.707
18.877
18.988
25.140
25.340
18.796
18.713
17.962
17.548
16.891
15.853
13.628
14.031
14.650
15.362
14.679
15.270
17.740
19.561
10.612
11.503
10.854
9.354
8.814
9.675
10.331
10.703
11.420
11.224
11.663
10.963
10.823
8.536
7.995
12.064
18.934
19.488
13.273
18.848
14.682
24.958
41.290
17.165
17.474
17.197
16.642
19.285
18.598
15.622
25.916
16.282
11.028
11.382
10.917
10.827
15.910
19.559
20.529
22.118
18.941
19.386
15.683
16.801
16.975
16.316
14.445
15.324
15.176
15.017
14.891
14.527
14.602
13.145
12.762
12.647
19.190
19.938
23.000
19.633
19.723
20.269
14.409
12.007
9.803
7.535
7.429
21.546
21.179
19.926
20.541
19.678
19.206
19.150
47.359
32.035
39.218
34.403
28.556
25.249
17.437
19.868
21.464
18.412
47.406
23.190
18.306
17.441
16.786
18.567
18.824
20.048
18.309
16.761
16.100
17.044
18.956
20.266
18.364
30.894
13.017
10.260
18.606
15.958
16.916
20.108
20.140
27.514
32.854
17.570
18.153
19.842
14.033
28.817
28.417
20.418
20.830
10.741
10.954
10.883
10.914
9.425
8.972
13.194
18.718
19.076
19.490
39.159
28.270
27.879
25.544
20.647
16.975
16.515
22.564
22.010
7.877
18.250
17.969
18.915
20.199
20.734
20.918
20.726
19.828
18.932
11.520
9.520
7.555
9.315
9.764
9.848
10.013
26.431
9.299
8.810
8.266
11.663
6.181
14.990
18.809
10.374
10.652
10.518
11.056
10.391
25.770
10.343
10.034
11.914
12.335
12.583
12.566
12.996
12.538
28.826
28.856
28.340
53.678
27.073
27.480
28.156
28.717
27.190
26.489
26.734
26.661
26.793
33.334
33.564
32.482
32.518
32.227
30.957
8.279
8.329
8.496
7.800
8.696
9.431
9.635
10.138
10.181
10.189
9.462
14.266
26.032
36.102
36.305
39.718
01:03
42.922
31.836
42.698
42.533
19.167
19.143
24.990
19.391
14.454
14.297
14.599
18.993
16.945
28.486
18.149
30.986
15.346
15.734
15.241
22.274
20.210
17.023
22.838
18.421
16.627
19.527
15.977
14.354
26.856
18.617
26.758
16.115
20.187
20.217
20.376
16.538
16.047
20.188
24.422
25.192
27.417
01:03
27.795
20.333
21.496
9.304
13.478
13.555
26.452
30.191
27.180
26.410
26.351
25.891
24.410
28.147
20.372
21.133
20.545
21.631
19.641
23.036
21.082
16.950
19.953
19.746
18.294
16.140
16.861
17.300
17.498
17.283
16.955
01:10
20.356
27.185
24.417
25.460
25.237
02:35
22.050
22.220
24.279
17.055
38.057
41.193
18.001
18.492
18.091
18.313
23.582
14.956
16.764
22.448
23.132
17.036
18.126
23.842
17.933
16.612
17.048
15.209
14.644
16.829
17.223
17.229
01:26
17.233
16.020
21.571
14.464
46.322
40.527
37.817
32.943
23.946
21.305
19.297
10.201
9.981
29.610
29.038
35.229
44.273
26.445
26.353
31.383
30.820
27.273
33.064
24.958
25.208
23.909
23.759
22.588
21.526
20.318
18.693
17.882
19.411
23.514
22.741
22.778
23.033
21.997
22.812
22.337
17.392
30.474
16.905
20.194
19.002
17.385
10.994
22.730
23.114
20.634
14.456
15.699
21.220
19.304
14.859
12.900
10.615
12.476
10.979
11.079
9.630
9.042
8.995
19.445
19.611
24.535
19.663
20.473
22.485
22.460
37.298
37.391
23.460
13.700
13.192
14.634
20.936
16.456
20.616
28.922
16.052
16.758
16.309
15.419
15.156
14.842
10.135
23.738
25.286
17.451
17.526
23.639
26.145
11.278
11.389
9.924
16.314
16.230
16.580
16.208
45.916
35.567
27.421
20.766
20.404
17.225
17.662
16.413
16.380
16.411
19.386
19.489
19.821
19.516
22.060
19.706
21.635
20.425
20.411
18.397
23.394
17.385
16.271
17.232
19.646
16.373
12.137
11.543
11.746
11.071
20.021
25.431
19.003
24.116
19.795
21.673
19.431
27.174
17.359
17.260
21.059
18.054
19.459
28.893
17.619
17.511
17.628
17.641
9.417
21.257
9.995
9.907
9.843
9.349
16.548
01:04
23.253
16.881
17.230
21.664
32.677
22.318
22.581
35.450
9.648
8.371
8.555
9.300
9.160
10.441
10.295
10.357
10.331
9.476
9.547
9.346
16.671
23.994
24.493
15.912
15.595
17.339
16.654
9.544
17.218
9.475
8.915
8.362
35.093
9.627
8.973
23.129
18.172
21.288
19.323
8.427
16.191
27.730
15.038
15.288
15.813
15.818
16.055
15.318
14.857
14.201
23.294
21.670
17.780
18.370
17.351
17.574
17.036
16.851
17.870
18.052
19.056
19.146
19.547
20.623
50.613
14.935
14.451
14.142
12.697
12.260
9.697
10.331
17.016
17.809
17.440
16.788
20.297
16.620
19.724
12.179
11.065
10.987
10.639
16.293
18.423
20.296
19.979
37.834
21.466
24.004
17.791
17.333
21.883
13.556
20.163
34.820
34.541
37.467
22.078
22.079
25.928
19.798
17.474
16.568
14.521
32.551
19.139
29.463
27.881
28.558
28.749
26.829
30.139
27.552
25.886
21.364
29.126
26.445
30.507
25.144
24.361
25.739
25.379
15.127
14.371
13.524
16.295
19.660
19.800
20.184
19.678
19.512
12.771
12.542
12.151
18.755
17.478
10.181
15.943
15.262
20.694
13.816
15.480
28.778
25.001
19.484
9.308
8.358
20.583
10.382
10.939
11.125
14.412
14.188
14.336
18.091
19.773
16.080
16.445
35.143
34.048
24.138
21.266
29.638
29.783
42.055
31.939
9.422
13.855
17.528
23.201
7.552
7.520
24.043
17.370
17.540
43.071
16.910
17.115
11.263
15.995
20.192
18.368
20.875
18.338
17.902
21.366
21.499
16.565
16.337
21.777
18.783
17.569
16.364
21.572
17.840
21.157
18.979
21.879
17.147
23.334
26.759
46.797
16.504
17.256
20.774
18.540
9.014
15.160
14.331
8.484
20.128
19.978
16.655
16.678
18.675
33.481
32.622
16.312
17.465
15.816
17.315
15.600
18.257
16.290
32.497
18.408
19.269
18.118
19.176
18.187
17.870
15.704
14.981
01:12
23.501
21.956
46.497
38.365
20.889
22.581
51.970
36.113
34.259
36.506
33.587
01:03
23.076
23.136
25.599
22.582
22.457
26.793
25.617
30.287
25.900
24.793
21.250
11.400
11.304
10.433
33.232
15.767
18.660
18.527
18.732
19.209
18.478
24.394
18.844
15.956
17.420
27.298
19.969
21.188
20.219
19.910
18.514
19.031
18.363
16.450
15.470
19.061
19.028
19.604
21.022
23.822
19.002
18.118
18.991
17.645
18.133
19.116
19.032
18.704
20.330
19.923
21.985
21.222
22.000
19.598
19.210
22.088
20.685
23.420
19.240
19.438
20.485
21.053
20.375
36.170
17.885
17.437
18.887
17.558
18.254
23.289
22.757
19.308
23.002
20.572
18.342
17.518
16.598
23.589
19.478
30.133
34.485
19.916
19.453
19.257
19.744
19.499
20.448
17.588
17.423
16.249
40.175
39.134
36.271
34.883
32.202
38.426
37.572
37.851
37.875
39.627
56.234
51.651
46.464
42.692
41.134
34.162
31.072
30.190
29.639
28.405
30.798
24.420
18.325
30.162
19.695
21.100
18.218
20.387
18.598
30.266
7.117
01:05
16.287
17.309
18.579
17.677
16.923
18.021
17.783
17.651
17.397
17.745
17.708
16.894
16.379
9.745
13.741
17.165
17.281
18.569
20.879
17.975
17.326
16.569
17.001
16.774
39.011
28.212
29.141
01:03
17.689
17.618
17.588
16.656
16.005
15.615
30.231
23.445
21.769
22.750
27.946
38.310
21.044
27.173
20.408
59.376
01:00
01:00
59.122
01:01
59.476
01:00
59.056
57.291
22.156
19.264
22.217
13.910
19.348
20.329
22.287
20.329
18.514
18.883
17.890
21.853
16.696
19.706
01:51
20.190
18.951
31.600
36.974
25.767
24.107
17.107
15.758
30.866
30.881
27.692
41.504
01:49
25.077
24.858
24.503
24.442
18.300
22.118
29.152
40.378
38.601
20.015
29.387
30.159
26.578
17.151
16.103
14.655
15.294
16.398
39.485
18.077
17.122
20.771
17.434
18.080
18.449
17.650
17.410
17.333
15.623
17.891
15.342
15.724
16.737
16.876
17.459
16.786
16.915
11.042
11.509
11.225
9.509
9.420
17.436
16.338
17.277
10.051
10.011
10.796
15.549
15.705
14.923
15.670
19.727
9.185
13.089
8.878
10.212
8.986
9.245
9.003
7.846
7.939
8.207
8.525
9.105
9.205
10.076
9.893
8.525
8.146
8.068
8.938
8.835
19.334
20.343
18.978
21.054
21.375
21.823
21.396
21.713
20.963
19.604
18.096
19.954
18.146
19.369
16.139
27.881
16.214
16.809
16.067
16.114
33.419
36.859
31.148
16.377
29.405
23.424
21.006
21.056
18.792
19.636
19.742
20.103
20.079
20.640
20.966
20.305
20.085
20.120
19.528
8.545
7.988
21.934
22.419
21.244
21.633
21.961
22.457
21.835
21.020
19.702
19.827
20.405
19.372
20.714
21.662
14.991
19.872
19.969
20.779
18.815
18.718
22.049
21.244
21.581
21.875
21.219
20.697
26.214
18.443
15.523
21.523
21.659
22.604
22.833
22.361
21.946
21.740
21.089
20.900
20.278
6.803
6.984
8.047
8.975
9.024
8.756
8.171
7.758
7.800
8.294
7.808
8.327
7.864
8.135
8.423
8.391
7.733
8.157
8.069
7.952
7.868
8.010
8.427
8.739
8.747
8.611
8.765
8.186
21.205
32.729
8.961
9.133
8.575
9.286
11.099
9.041
9.828
7.756
6.759
6.803
6.833
6.821
6.337
5.566
5.624
6.347
7.117
7.408
7.864
8.052
7.719
20.549
20.476
20.939
20.995
24.677
24.411
12.762
12.326
12.243
11.144
17.335
19.726
19.624
19.940
19.737
18.457
17.339
17.067
16.787
16.612
17.220
6.668
6.902
6.998
7.168
7.433
6.895
6.982
10.819
11.246
11.293
11.519
18.559
18.274
11.938
16.681
15.807
