UT_TIME TOTAL_TIME DIFF
8.641 14.033 5.392
21.832 27.238 5.406
8.122 13.579 5.457
0.152 5.624 5.472
0.078 5.566 5.488
0.65 6.181 5.531
10.823 16.406 5.583
9.035 14.653 5.618
11.878 17.639 5.761
8.535 14.374 5.839
11.556 17.422 5.866
18.162 24.051 5.889
8.653 14.587 5.934
8.522 14.503 5.981
1.53 7.555 6.025
8.335 14.400 6.065
31.675 37.755 6.080
11.118 17.220 6.102
8.689 14.833 6.144
46.15 52.310 6.160
0.164 6.347 6.183
0.092 6.337 6.245
11.069 17.353 6.284
18.054 24.387 6.333
16.985 23.423 6.438
17.206 23.647 6.441
10.019 16.476 6.457
17.268 23.749 6.481
0.136 6.668 6.532
20.228 26.793 6.565
0.183 6.759 6.576
20.617 27.206 6.589
14.851 21.469 6.618
0.891 7.544 6.653
0.145 6.803 6.658
20.003 26.661 6.658
0.144 6.803 6.659
14.137 20.819 6.682
15.965 22.682 6.717
23.509 30.231 6.722
0.099 6.833 6.734
0.078 6.821 6.743
19.971 26.734 6.763
0.123 6.895 6.772
15.081 21.853 6.772
46.891 53.678 6.787
6.766 13.555 6.789
0.106 6.902 6.796
15.449 22.251 6.802
3.23 10.034 6.804
0.597 7.433 6.836
15.379 22.217 6.838
12.525 19.391 6.866
0.103 6.984 6.881
11.11 17.995 6.885
0.096 6.982 6.886
0.109 6.998 6.889
12.233 19.143 6.910
20.952 27.881 6.929
2.051 8.995 6.944
19.561 26.510 6.949
0.159 7.117 6.958
14.388 21.364 6.976
12.912 19.895 6.983
1.493 8.484 6.991
19.06 26.051 6.991
6.56 13.556 6.996
8.727 15.724 6.997
9.14 16.139 6.999
8.667 15.668 7.001
0.55 7.552 7.002
0.997 8.002 7.005
19.526 26.534 7.008
27.805 34.820 7.015
0.772 7.800 7.028
1.249 8.279 7.030
6.878 13.910 7.032
0.081 7.117 7.036
9.193 16.230 7.037
17.26 24.298 7.038
7.471 14.521 7.050
0.105 7.168 7.063
0.361 7.429 7.068
7.279 14.354 7.075
0.438 7.520 7.082
0.38 7.468 7.088
13.762 20.856 7.094
15.223 22.320 7.097
18.093 25.194 7.101
15.725 22.833 7.108
12.23 19.341 7.111
19.15 26.263 7.113
0.421 7.535 7.114
0.851 7.988 7.137
15.718 22.864 7.146
3.195 10.343 7.148
19.408 26.568 7.160
18.706 25.873 7.167
16.998 24.166 7.168
8.592 15.767 7.175
14.343 21.525 7.182
17.551 24.745 7.194
15.98 23.178 7.198
7.328 14.531 7.203
9.005 16.208 7.203
21.13 28.340 7.210
16.109 23.361 7.252
7.377 14.634 7.257
1.431 8.696 7.265
0.132 7.408 7.276
12.059 19.336 7.277
0.568 7.877 7.309
25.188 32.497 7.309
0.304 7.628 7.324
10.905 18.250 7.345
0.518 7.868 7.350
7.99 15.342 7.352
13.938 21.291 7.353
1.945 9.304 7.359
15.565 22.930 7.365
13.889 21.257 7.368
12.669 20.039 7.370
11.037 18.423 7.386
19.048 26.445 7.397
15.542 22.961 7.419
0.386 7.808 7.422
0.901 8.329 7.428
17.56 24.990 7.430
20.976 28.417 7.441
14.192 21.635 7.443
15.839 23.282 7.443
9.441 16.905 7.464
17.938 25.406 7.468
18.131 25.599 7.468
6.013 13.483 7.470
5.128 12.602 7.474
0.272 7.758 7.486
0.243 7.733 7.490
8.803 16.295 7.492
7.06 14.556 7.496
17.511 25.011 7.500
0.356 7.864 7.508
8.488 15.996 7.508
12.896 20.418 7.522
6.374 13.907 7.533
0.259 7.800 7.541
0.494 8.047 7.553
8.688 16.244 7.556
0.16 7.719 7.559
14.724 22.288 7.564
11.692 19.264 7.572
14.976 22.548 7.572
16.196 23.768 7.572
7.072 14.644 7.572
6.235 13.816 7.581
1.232 8.814 7.582
1.717 9.300 7.583
11.405 18.993 7.588
15.539 23.128 7.589
0.416 8.010 7.594
7.057 14.655 7.598
21.523 29.126 7.603
1.738 9.349 7.611
4.303 11.914 7.611
19.45 27.064 7.614
12.571 20.192 7.621
15.712 23.335 7.623
0.872 8.496 7.624
8.149 15.776 7.627
15.194 22.825 7.631
28.466 36.102 7.636
15.505 23.142 7.637
14.264 21.921 7.657
0.887 8.545 7.658
17.479 25.138 7.659
3.812 11.472 7.660
5.818 13.478 7.660
0.092 7.756 7.664
21.153 28.817 7.664
7.42 15.090 7.670
14.954 22.629 7.675
0.589 8.266 7.677
12.486 20.163 7.677
15.706 23.385 7.679
2.121 9.803 7.682
0.265 7.952 7.687
8.583 16.271 7.688
1.652 9.346 7.694
14.923 22.623 7.700
0.233 7.939 7.706
7.332 15.038 7.706
0.65 8.358 7.708
1.108 8.817 7.709
10.99 18.704 7.714
0.351 8.069 7.718
13.005 20.724 7.719
14.708 22.439 7.731
2.15 9.893 7.743
0.118 7.864 7.746
8.24 15.995 7.755
14.791 22.550 7.759
1.787 9.547 7.760
15.215 22.980 7.765
0.079 7.846 7.767
11.489 19.261 7.772
8.408 16.183 7.775
17.993 25.771 7.778
0.213 7.995 7.782
9.383 17.165 7.782
11.867 19.661 7.794
0.388 8.186 7.798
7.679 15.478 7.799
0.324 8.135 7.811
11.6 19.411 7.811
8.503 16.314 7.811
15.415 23.233 7.818
2.888 10.707 7.819
17.729 25.550 7.821
14.366 22.188 7.822
11.633 19.459 7.826
2.246 10.076 7.830
8.999 16.829 7.830
8.828 16.671 7.843
7.441 15.288 7.847
10.12 17.969 7.849
21.422 29.271 7.849
1.31 9.160 7.850
0.304 8.157 7.853
24.859 32.729 7.870
17.958 25.831 7.873
6.957 14.832 7.875
8.051 15.926 7.875
16.138 24.014 7.876
11.448 19.334 7.886
15.137 23.024 7.887
16.459 24.349 7.890
10.666 18.561 7.895
17.472 25.369 7.897
1.93 9.828 7.898
0.528 8.427 7.899
12.287 20.187 7.900
13.303 21.205 7.902
0.239 8.146 7.907
0.144 8.052 7.908
13.15 21.059 7.909
0.259 8.171 7.912
0.409 8.327 7.918
8.053 15.977 7.924
19.541 27.467 7.926
8.836 16.764 7.928
3.601 11.532 7.931
17.08 25.018 7.938
23.749 31.688 7.939
0.419 8.371 7.952
0.112 8.068 7.956
6.373 14.331 7.958
7.737 15.699 7.962
8.233 16.196 7.963
0.459 8.423 7.964
7.018 14.990 7.972
3.882 11.857 7.975
0.229 8.207 7.978
0.442 8.421 7.979
8.331 16.312 7.981
8.264 16.247 7.983
8.565 16.548 7.983
14.231 22.217 7.986
8.42 16.407 7.987
5.198 13.192 7.994
18.665 26.661 7.996
18.477 26.480 8.003
11.044 19.051 8.007
4.639 12.647 8.008
11.126 19.139 8.013
10.887 18.902 8.015
20.839 28.856 8.017
17.064 25.082 8.018
10.546 18.567 8.021
10.03 18.054 8.024
0.366 8.391 8.025
24.087 32.113 8.026
39.38 47.406 8.026
8.075 16.103 8.028
8.552 16.580 8.028
10.944 18.978 8.034
6.825 14.859 8.034
9.299 17.335 8.036
5.994 14.033 8.039
9.513 17.558 8.045
8.145 16.192 8.047
9.008 17.055 8.047
11.651 19.706 8.055
0.901 8.961 8.060
0.3 8.362 8.062
15.75 23.815 8.065
15.622 23.690 8.068
7.217 15.294 8.077
13.763 21.849 8.086
7.512 15.600 8.088
24.462 32.551 8.089
0.482 8.575 8.093
17.793 25.886 8.093
21.058 29.152 8.094
6.369 14.464 8.095
22.463 30.560 8.097
14.076 22.180 8.104
1.248 9.354 8.106
15.331 23.439 8.108
14.604 22.717 8.113
33.08 41.193 8.113
8.645 16.761 8.116
32.26 40.378 8.118
0.849 8.972 8.123
1.87 9.995 8.125
14.86 22.986 8.126
7.784 15.910 8.126
1.186 9.315 8.129
7.984 16.115 8.131
10.399 18.540 8.141
5.863 14.011 8.148
8.011 16.159 8.148
0.386 8.536 8.150
0.138 8.294 8.156
15.957 24.116 8.159
11.155 19.315 8.160
0.649 8.810 8.161
1.745 9.907 8.162
22.795 30.957 8.162
10.205 18.368 8.163
25.069 33.232 8.163
9.983 18.146 8.163
3.653 11.819 8.166
0.442 8.611 8.169
15.069 23.239 8.170
1.965 10.135 8.170
0.38 8.555 8.175
19.548 27.730 8.182
12.643 20.830 8.187
3.073 11.263 8.190
23.495 31.688 8.193
1.649 9.843 8.194
15.551 23.746 8.195
6.761 14.956 8.195
7.889 16.087 8.198
8.313 16.518 8.205
12.084 20.296 8.212
9.063 17.281 8.218
8.153 16.373 8.220
10.811 19.032 8.221
21.241 29.463 8.222
7.962 16.191 8.229
10.721 18.951 8.230
0.898 9.133 8.235
0.287 8.525 8.238
8.158 16.398 8.240
9.237 17.478 8.241
7.571 15.816 8.245
8.044 16.290 8.246
0.491 8.739 8.248
3.863 12.112 8.249
0.174 8.427 8.253
6.948 15.209 8.261
6.898 15.160 8.262
13.643 21.915 8.272
17.64 25.916 8.276
1.177 9.456 8.279
24.371 32.650 8.279
11.822 20.102 8.280
11.021 19.304 8.283
0.901 9.185 8.284
0.458 8.747 8.289
15.435 23.730 8.295
17.915 26.215 8.300
4.034 12.335 8.301
17.729 26.032 8.303
0.44 8.746 8.306
0.571 8.878 8.307
20.519 28.826 8.307
22.314 30.622 8.308
0.215 8.525 8.310
17.335 25.646 8.311
20.579 28.893 8.314
9.576 17.891 8.315
17.955 26.272 8.317
6.135 14.456 8.321
12.018 20.343 8.325
12.894 21.220 8.326
47.485 55.823 8.338
0.343 8.684 8.341
20.068 28.409 8.341
18.147 26.489 8.342
7.276 15.623 8.347
15.084 23.452 8.368
1.81 10.181 8.371
11.994 20.372 8.378
8.936 17.315 8.379
0.384 8.765 8.381
10.359 18.740 8.381
4.199 12.583 8.384
8.834 17.223 8.389
1.082 9.476 8.394
0.641 9.041 8.400
14.044 22.448 8.404
5.445 13.855 8.410
5.318 13.741 8.423
23.698 32.123 8.425
10.57 19.003 8.433
11.757 20.190 8.433
14.263 22.699 8.436
6 14.437 8.437
15.224 23.667 8.443
14.807 23.253 8.446
0.984 9.431 8.447
6.421 14.868 8.447
12.243 20.694 8.451
6.924 15.392 8.468
0.949 9.420 8.471
15.823 24.299 8.476
2.35 10.827 8.477
10.894 19.372 8.478
8.545 17.023 8.478
12.136 20.616 8.480
12.799 21.288 8.489
0.361 8.855 8.494
8.22 16.719 8.499
9.792 18.294 8.502
7.82 16.325 8.505
0.328 8.835 8.507
3.63 12.137 8.507
8.197 16.704 8.507
8.61 17.121 8.511
15.119 23.632 8.513
0.911 9.425 8.514
9.742 18.257 8.515
13.601 22.118 8.517
7.759 16.287 8.528
7.367 15.897 8.530
9.833 18.364 8.531
16.898 25.431 8.533
3.744 12.280 8.536
7.841 16.379 8.538
1.084 9.625 8.541
7.396 15.943 8.547
0.332 8.884 8.552
7.903 16.456 8.553
10.013 18.569 8.556
12.923 21.482 8.559
8.322 16.881 8.559
12.923 21.485 8.562
5.136 13.700 8.564
11.277 19.846 8.569
17.316 25.886 8.570
0.392 8.973 8.581
3.98 12.566 8.586
12.349 20.936 8.587
0.708 9.299 8.591
0.422 9.014 8.592
0.379 8.975 8.596
6.727 15.323 8.596
4.488 13.089 8.601
2.867 11.469 8.602
8.828 17.436 8.608
8 16.612 8.612
2.414 11.028 8.614
0.298 8.915 8.617
0.423 9.042 8.619
8.425 17.044 8.619
17.22 25.840 8.620
14.217 22.838 8.621
0.622 9.247 8.625
10.525 19.150 8.625
8.134 16.760 8.626
10.487 19.116 8.629
15.364 23.994 8.630
1.003 9.635 8.632
0.12 8.756 8.636
9.928 18.565 8.637
0.386 9.024 8.638
20.433 29.071 8.638
0.778 9.417 8.639
6.838 15.480 8.642
0.86 9.509 8.649
10.91 19.559 8.649
1.022 9.675 8.653
8.569 17.229 8.660
2.256 10.917 8.661
14.757 23.420 8.663
26.43 35.093 8.663
17.637 26.302 8.665
6.257 14.923 8.666
0.267 8.938 8.671
12.102 20.774 8.672
7.896 16.568 8.672
0.873 9.547 8.674
10.128 18.809 8.681
0.394 9.076 8.682
6.94 15.622 8.682
11.505 20.194 8.689
8.167 16.859 8.692
18.497 27.190 8.693
8.093 16.786 8.693
10.95 19.646 8.696
18.06 26.759 8.699
8.161 16.861 8.700
7.636 16.338 8.702
5.593 14.297 8.704
5.895 14.599 8.704
9.696 18.400 8.704
21.884 30.594 8.710
12.833 21.546 8.713
6.665 15.386 8.721
9.586 18.309 8.723
8.604 17.333 8.729
18.307 27.040 8.733
7.074 15.807 8.733
16.342 25.077 8.735
17.802 26.538 8.736
7.402 16.140 8.738
7.444 16.182 8.738
14.391 23.132 8.741
7.459 16.214 8.755
8.706 17.465 8.759
14.753 23.514 8.761
17.886 26.647 8.761
8.273 17.036 8.763
0.825 9.590 8.765
29.292 38.057 8.765
0.696 9.462 8.766
0.23 9.003 8.773
2.324 11.099 8.775
10.912 19.688 8.776
0.718 9.495 8.777
21.617 30.399 8.782
7.219 16.005 8.786
8.159 16.945 8.786
8.427 17.218 8.791
3.8 12.593 8.793
20.555 29.358 8.803
37.991 46.797 8.806
24.525 33.334 8.809
0.294 9.105 8.811
2.941 11.753 8.812
11.716 20.529 8.813
1.715 10.532 8.817
0.48 9.308 8.828
8.635 17.478 8.843
1.083 9.931 8.848
5.417 14.266 8.849
14.484 23.334 8.850
0.57 9.422 8.852
11.411 20.266 8.855
7.212 16.067 8.855
7.45 16.308 8.858
7.416 16.282 8.866
5.332 14.201 8.869
22.813 31.687 8.874
10.404 19.280 8.876
11.25 20.128 8.878
0.641 9.520 8.879
14.71 23.589 8.879
3.655 12.538 8.883
7.231 16.114 8.883
11.321 20.210 8.889
8.585 17.474 8.889
0.87 9.764 8.894
15.027 23.927 8.900
10.624 19.527 8.903
9.264 18.172 8.908
0.075 8.986 8.911
3.509 12.423 8.914
9.505 18.421 8.916
5.537 14.454 8.917
15.896 24.814 8.918
7.998 16.916 8.918
9.207 18.126 8.919
9.964 18.887 8.923
8.851 17.780 8.929
6.561 15.493 8.932
0.712 9.648 8.936
9.888 18.824 8.936
18.61 27.552 8.942
3.129 12.073 8.944
25.534 34.485 8.951
10.411 19.369 8.958
17.906 26.866 8.960
7.138 16.100 8.962
18.918 27.881 8.963
8.337 17.300 8.963
7.412 16.377 8.965
12.916 21.883 8.967
6.274 15.241 8.967
7.476 16.445 8.969
8.738 17.708 8.970
10.906 19.883 8.977
19.944 28.922 8.978
5.855 14.842 8.987
0.701 9.691 8.990
2.392 11.382 8.990
9.311 18.306 8.995
0.209 9.205 8.996
6.816 15.813 8.997
9.995 19.002 9.007
8.517 17.533 9.016
14.503 23.522 9.019
21.395 30.415 9.020
10.007 19.028 9.021
3.043 12.064 9.021
3.429 12.453 9.024
21.475 30.507 9.032
0.21 9.245 9.035
19.649 28.685 9.036
10.983 20.020 9.037
6.71 15.748 9.038
14.81 23.849 9.039
8.217 17.256 9.039
7.854 16.894 9.040
8.235 17.277 9.042
17.178 26.222 9.044
7.519 16.565 9.046
9.864 18.913 9.049
13.224 22.274 9.050
14.451 23.501 9.050
8.03 17.081 9.051
6.692 15.751 9.059
8.173 17.232 9.059
10.987 20.048 9.061
6.674 15.739 9.065
3.447 12.513 9.066
0.781 9.848 9.067
14.133 23.201 9.068
3.926 12.996 9.070
8.363 17.437 9.074
8.4 17.474 9.074
7.971 17.046 9.075
4.548 13.628 9.080
8.804 17.885 9.081
9.98 19.061 9.081
10.939 20.021 9.082
6.582 15.670 9.088
3.455 12.545 9.090
1.09 10.181 9.091
1.348 10.441 9.093
12.474 21.571 9.097
11.22 20.319 9.099
4.856 13.955 9.099
10.876 19.978 9.102
1.077 10.184 9.107
13.457 22.564 9.107
0.267 9.376 9.109
6.958 16.067 9.109
0.816 9.926 9.110
7.183 16.293 9.110
10.212 19.323 9.111
7.796 16.908 9.112
5.741 14.857 9.116
9.011 18.133 9.122
6.49 15.615 9.125
19.931 29.058 9.127
9.827 18.956 9.129
11.555 20.685 9.130
7.862 16.992 9.130
20.015 29.146 9.131
15.361 24.493 9.132
0.284 9.418 9.134
6.127 15.262 9.135
8.235 17.370 9.135
1.221 10.357 9.136
10.013 19.150 9.137
7.199 16.337 9.138
7.51 16.652 9.142
8.535 17.677 9.142
7.483 16.627 9.144
7.552 16.696 9.144
11.105 20.252 9.147
16.623 25.770 9.147
9.448 18.598 9.150
10.917 20.069 9.152
19.562 28.717 9.155
0.387 9.544 9.157
7.188 16.348 9.160
23.064 32.227 9.163
8.933 18.096 9.163
1.13 10.295 9.165
8.407 17.574 9.167
27.001 36.170 9.169
17.488 26.658 9.170
0.302 9.475 9.173
10.549 19.726 9.177
10.661 19.842 9.181
12.907 22.088 9.181
6.547 15.730 9.183
7.946 17.132 9.186
9.98 19.167 9.187
2.618 11.808 9.190
7.72 16.910 9.190
27.775 36.966 9.191
8.246 17.437 9.191
0.093 9.286 9.193
3.566 12.762 9.196
0.938 10.138 9.200
24.847 34.048 9.201
7.914 17.115 9.201
1.058 10.260 9.202
12.808 22.010 9.202
8.189 17.392 9.203
0.422 9.630 9.208
8.21 17.420 9.210
8.018 17.230 9.212
21.825 31.039 9.214
6.782 15.997 9.215
9.568 18.783 9.215
14.826 24.043 9.217
2.098 11.316 9.218
0.969 10.189 9.220
6.248 15.470 9.222
7.973 17.197 9.224
0.784 10.011 9.227
7.739 16.966 9.227
21.221 30.450 9.229
2.777 12.007 9.230
0.466 9.697 9.231
0.395 9.627 9.232
0.816 10.051 9.235
18.985 28.220 9.235
7.036 16.271 9.235
9.279 18.514 9.235
0.742 9.981 9.239
8.91 18.149 9.239
5.74 14.981 9.241
2.044 11.294 9.250
10.019 19.270 9.251
8.488 17.745 9.257
19.88 29.141 9.261
6.079 15.346 9.267
8.3 17.569 9.269
7.093 16.364 9.271
1.056 10.331 9.275
20.83 30.108 9.278
12.497 21.777 9.280
10.941 20.222 9.281
7.859 17.147 9.288
29.721 39.011 9.290
8.12 17.410 9.290
0.722 10.013 9.291
22.607 31.899 9.292
18.919 28.212 9.293
5.246 14.540 9.294
1.035 10.331 9.296
22.957 32.253 9.296
13.696 22.996 9.300
5.851 15.156 9.305
9.897 19.206 9.309
3.884 13.194 9.310
8.308 17.619 9.311
7.203 16.515 9.312
8.129 17.441 9.312
1.751 11.071 9.320
6.274 15.595 9.321
18.158 27.480 9.322
10.628 19.954 9.326
17.734 27.063 9.329
7.291 16.620 9.329
7.479 16.809 9.330
1.186 10.518 9.332
11.683 21.018 9.335
10.323 19.660 9.337
9.699 19.039 9.340
17.732 27.073 9.341
8.053 17.397 9.344
1.715 11.064 9.349
12.767 22.118 9.351
1.627 10.979 9.352
23.13 32.482 9.352
7.383 16.737 9.354
11.699 21.054 9.355
1.035 10.391 9.356
19.191 28.548 9.357
8.283 17.641 9.358
6.342 15.705 9.363
8.638 18.001 9.363
11.815 21.179 9.364
14.093 23.460 9.367
32.686 42.055 9.369
7.55 16.923 9.373
30.111 39.485 9.374
10.075 19.453 9.378
8.984 18.363 9.379
4.142 13.524 9.382
6.865 16.249 9.384
3.632 13.017 9.385
7.736 17.122 9.386
8.142 17.528 9.386
10.089 19.478 9.389
10.783 20.172 9.389
26.881 36.271 9.390
7.995 17.385 9.390
16.291 25.682 9.391
9.543 18.934 9.391
11.486 20.879 9.393
19.093 28.486 9.393
11.14 20.541 9.401
1.674 11.079 9.405
25.736 35.143 9.407
7.365 16.772 9.407
10.27 19.678 9.408
17.022 26.431 9.409
8.051 17.461 9.410
0.96 10.374 9.414
8.926 18.342 9.416
33.967 43.386 9.419
7.618 17.037 9.419
20.712 30.133 9.421
7.145 16.571 9.426
12.2 21.631 9.431
8.002 17.434 9.432
7.442 16.876 9.434
1.302 10.741 9.439
0.305 9.745 9.440
6.573 16.020 9.447
9.216 18.663 9.447
7.148 16.598 9.450
7.7 17.151 9.451
4.578 14.031 9.453
8.196 17.650 9.454
13.28 22.741 9.461
7.513 16.975 9.462
9.743 19.210 9.467
4.311 13.780 9.469
20.72 30.191 9.471
13.718 23.190 9.472
5.947 15.419 9.472
8.781 18.254 9.473
9.802 19.285 9.483
13.804 23.289 9.485
7.059 16.550 9.491
6.031 15.523 9.492
6.265 15.758 9.493
5.823 15.318 9.495
12.807 22.304 9.497
25.951 35.450 9.499
8.907 18.408 9.501
7.781 17.283 9.502
11.337 20.842 9.505
11.884 21.389 9.505
6.453 15.958 9.505
14.074 23.582 9.508
13.885 23.394 9.509
11.067 20.583 9.516
33.554 43.071 9.517
1.336 10.854 9.518
8.322 17.840 9.518
10.406 19.926 9.520
11.193 20.713 9.520
7.376 16.896 9.520
12.051 21.572 9.521
8.637 18.160 9.523
21.37 30.894 9.524
11.012 20.545 9.533
6.795 16.328 9.533
4.875 14.409 9.534
22.982 32.518 9.536
14.905 24.442 9.537
10.257 19.795 9.538
11.227 20.771 9.544
8.766 18.313 9.547
2.498 12.048 9.550
8.539 18.091 9.552
8.565 18.118 9.553
20.918 30.474 9.556
7.097 16.655 9.558
9.185 18.744 9.559
21.424 30.986 9.562
21.508 31.072 9.564
14.792 24.361 9.569
7.968 17.540 9.572
9.685 19.257 9.572
6.929 16.504 9.575
10.612 20.188 9.576
7.099 16.678 9.579
10.519 20.108 9.589
15.547 25.144 9.597
0.601 10.201 9.600
7.737 17.339 9.602
9.745 19.348 9.603
1.939 11.543 9.604
7.704 17.309 9.605
0.606 10.212 9.606
10.696 20.306 9.610
6.119 15.734 9.615
9.98 19.598 9.618
17.679 27.298 9.619
7.034 16.654 9.620
8.677 18.300 9.623
7.331 16.955 9.624
10.437 20.066 9.629
0.243 9.874 9.631
10.279 19.910 9.631
0.801 10.433 9.632
11.525 21.157 9.632
13.125 22.757 9.632
7.599 17.233 9.634
38.7 48.335 9.635
8.515 18.153 9.638
6.979 16.618 9.639
1.243 10.883 9.640
18.917 28.558 9.641
8.85 18.492 9.642
7.716 17.359 9.643
6.056 15.704 9.648
7.736 17.385 9.649
6.405 16.055 9.650
7.451 17.107 9.656
7.566 17.225 9.659
0.261 9.924 9.663
9.113 18.777 9.664
10.667 20.333 9.666
17.514 27.180 9.666
13.778 23.445 9.667
49.709 59.376 9.667
8.849 18.516 9.667
0.712 10.382 9.670
12.477 22.148 9.671
7.839 17.511 9.672
7.916 17.588 9.672
12.961 22.640 9.679
7.816 17.498 9.682
10.813 20.499 9.686
6.357 16.052 9.695
7.532 17.228 9.696
10.242 19.940 9.698
23.783 33.481 9.698
17.621 27.322 9.701
8.921 18.622 9.701
11.248 20.956 9.708
0.902 10.612 9.710
14.706 24.417 9.711
17.802 27.514 9.712
11.786 21.499 9.713
14.023 23.738 9.715
9.73 19.445 9.715
17.782 27.506 9.724
6.726 16.450 9.724
0.34 10.065 9.725
9.915 19.641 9.726
6.09 15.818 9.728
6.914 16.642 9.728
0.908 10.639 9.731
8.202 17.933 9.731
6.948 16.681 9.733
23.828 33.564 9.736
1.21 10.954 9.744
7.939 17.684 9.745
37.651 47.401 9.750
10.888 20.647 9.759
7.013 16.774 9.761
9.706 19.468 9.762
13.235 23.002 9.767
14.511 24.279 9.768
1.978 11.746 9.768
9.254 19.028 9.774
8.899 18.675 9.776
17.331 27.109 9.778
8.002 17.783 9.781
11.714 21.496 9.782
5.766 15.549 9.783
9.745 19.528 9.783
21.008 30.798 9.790
25.093 34.883 9.790
11.397 21.188 9.791
1.699 11.494 9.795
6.987 16.786 9.799
6.11 15.912 9.802
9.818 19.624 9.806
10.331 20.140 9.809
12.042 21.853 9.811
6.339 16.153 9.814
20.529 30.346 9.817
8.259 18.080 9.821
20.253 30.075 9.822
8.401 18.225 9.824
3.318 13.145 9.827
10.5 20.329 9.829
7.814 17.645 9.831
8.857 18.690 9.833
11.024 20.858 9.834
13.201 23.036 9.835
7.211 17.048 9.837
0.812 10.652 9.840
7.845 17.685 9.840
9.191 19.031 9.840
0.955 10.796 9.841
22.778 32.622 9.844
9.15 18.994 9.844
8.23 18.077 9.847
1.632 11.481 9.849
15.436 25.286 9.850
9.869 19.724 9.855
6.222 16.080 9.858
11.85 21.709 9.859
7.769 17.628 9.859
8.004 17.871 9.867
18.287 28.156 9.869
2.266 12.137 9.871
7.647 17.518 9.871
14.956 24.832 9.876
0.826 10.703 9.877
9.718 19.598 9.880
16.695 26.578 9.883
4.561 14.445 9.884
10.029 19.916 9.887
10.216 20.104 9.888
11.334 21.222 9.888
24.652 34.541 9.889
7.68 17.570 9.890
7.438 17.333 9.895
1.017 10.914 9.897
13.938 23.842 9.904
8.543 18.449 9.906
7.094 17.001 9.907
20.251 30.159 9.908
15.825 25.739 9.914
10.657 20.572 9.915
7.164 17.079 9.915
20.468 30.384 9.916
19.865 29.783 9.918
7.918 17.836 9.918
6.415 16.334 9.919
7.732 17.651 9.919
9.58 19.499 9.919
6.644 16.569 9.925
8.654 18.579 9.925
7.334 17.260 9.926
10.642 20.569 9.927
8.867 18.794 9.927
9.989 19.923 9.934
11.188 21.124 9.936
2.964 12.900 9.936
6.979 16.915 9.936
1.309 11.246 9.937
2.512 12.451 9.939
14.167 24.107 9.940
7.817 17.757 9.940
9.329 19.269 9.940
7.482 17.423 9.941
7.747 17.689 9.942
11.101 21.051 9.950
7.212 17.165 9.953
7.139 17.093 9.954
12.623 22.581 9.958
15.803 25.767 9.964
7.565 17.529 9.964
6.51 16.475 9.965
9.762 19.727 9.965
10.475 20.448 9.973
8.781 18.755 9.974
9.333 19.308 9.975
27.488 37.467 9.979
12.819 22.804 9.985
11.677 21.663 9.986
21.953 31.939 9.986
0.835 10.823 9.988
8.375 18.365 9.990
8.669 18.660 9.991
14.428 24.422 9.994
10.301 20.297 9.996
9.973 19.969 9.996
6.013 16.010 9.997
0.617 10.615 9.998
8.607 18.606 9.999
8.412 18.412 10.000
9.271 19.275 10.004
9.608 19.612 10.004
1.05 11.056 10.006
5.698 15.705 10.007
8.601 18.608 10.007
14.12 24.138 10.018
11.653 21.672 10.019
19.368 29.387 10.019
11.856 21.879 10.023
17.162 27.185 10.023
9.139 19.163 10.024
9.714 19.744 10.030
7.984 18.021 10.037
1.026 11.065 10.039
11.588 21.627 10.039
8.331 18.370 10.039
8.671 18.719 10.048
1.401 11.452 10.051
7.272 17.326 10.054
10.161 20.219 10.058
11.977 22.037 10.060
24.102 34.162 10.060
1.214 11.278 10.064
9.542 19.611 10.069
23.945 34.015 10.070
8.907 18.977 10.070
11.889 21.960 10.071
4.454 14.525 10.071
12.005 22.079 10.074
8.387 18.463 10.076
0.403 10.485 10.082
1.63 11.712 10.082
15.374 25.460 10.086
8.101 18.187 10.086
9.294 19.386 10.092
10.982 21.082 10.100
12.243 22.343 10.100
9.915 20.015 10.100
0.227 10.331 10.104
18.644 28.749 10.105
14.397 24.503 10.106
12.923 23.033 10.110
8.804 18.915 10.111
1.389 11.503 10.114
11.345 21.460 10.115
13.013 23.129 10.116
2.252 12.372 10.120
22.733 32.854 10.121
10.206 20.330 10.124
8.666 18.792 10.126
0.316 10.444 10.128
11.553 21.681 10.128
28.472 38.601 10.129
9.521 19.650 10.129
9.666 19.798 10.132
11.264 21.399 10.135
4.515 14.650 10.135
8.773 18.913 10.140
7.718 17.860 10.142
8.576 18.718 10.142
10.602 20.745 10.143
10.231 20.375 10.144
3.89 14.037 10.147
7.959 18.106 10.147
0.812 10.963 10.151
19.487 29.638 10.151
9.786 19.938 10.152
9.081 19.234 10.153
9.438 19.604 10.166
1.732 11.899 10.167
8.523 18.693 10.170
1.215 11.389 10.174
9.601 19.775 10.174
9.146 19.321 10.175
22.5 32.677 10.177
11.716 21.894 10.178
10.872 21.053 10.181
10.704 20.889 10.185
15.193 25.379 10.186
9.558 19.746 10.188
17.79 27.979 10.189
8.998 19.190 10.192
9.578 19.773 10.195
0.789 10.987 10.198
9.668 19.868 10.200
7.669 17.870 10.201
8.738 18.941 10.203
7.738 17.944 10.206
10.426 20.634 10.208
6.448 16.656 10.208
5.838 16.047 10.209
10.665 20.875 10.210
0.727 10.939 10.212
9.503 19.718 10.215
11.028 21.244 10.216
8.509 18.726 10.217
11.054 21.272 10.218
8.459 18.681 10.222
8.547 18.770 10.223
8.86 19.083 10.223
7.644 17.870 10.226
9.211 19.437 10.226
26.073 36.305 10.232
10.125 20.360 10.235
10.728 20.963 10.235
9.885 20.120 10.235
0.806 11.042 10.236
8.743 18.979 10.236
26.737 36.974 10.237
2.114 12.352 10.238
8.286 18.524 10.238
9.13 19.372 10.242
10.628 20.872 10.244
0.978 11.225 10.247
11.003 21.250 10.247
14.609 24.858 10.249
7.982 18.239 10.257
7.624 17.882 10.258
10.093 20.356 10.263
12.317 22.582 10.265
12.731 23.000 10.269
16.558 26.829 10.271
6.516 16.788 10.272
11.39 21.664 10.274
11.914 22.191 10.277
19.862 30.139 10.277
9.522 19.800 10.278
7.339 17.618 10.279
0.644 10.929 10.285
10.12 20.408 10.288
6.662 16.950 10.288
9.261 19.549 10.288
11.227 21.519 10.292
9.116 19.409 10.293
11.706 22.000 10.294
14.953 25.249 10.296
4.075 14.371 10.296
8.652 18.948 10.296
9.261 19.561 10.300
6.079 16.380 10.301
7.941 18.244 10.303
11.571 21.875 10.304
6.005 16.309 10.304
12.368 22.673 10.305
6.293 16.599 10.306
7.152 17.459 10.307
11.739 22.049 10.310
7.809 18.122 10.313
21.873 32.189 10.316
8.981 19.297 10.316
10.088 20.405 10.317
11.139 21.464 10.325
21.275 31.600 10.325
0.978 11.304 10.326
8.339 18.667 10.328
0.894 11.224 10.330
11.988 22.318 10.330
12.215 22.545 10.330
11.654 21.985 10.331
36.166 46.497 10.331
9.342 19.678 10.336
11.54 21.877 10.337
11.877 22.220 10.343
8.802 19.146 10.344
7.438 17.791 10.353
12.424 22.778 10.354
9.334 19.691 10.357
3.025 13.384 10.359
7.978 18.338 10.360
11.976 22.337 10.361
17.053 27.417 10.364
16.907 27.273 10.366
13.637 24.004 10.367
27.467 37.834 10.367
8.146 18.518 10.372
11.56 21.934 10.374
11.699 22.078 10.379
0.983 11.367 10.384
10.157 20.549 10.392
9.046 19.438 10.392
1.748 12.143 10.395
8.208 18.604 10.396
0.412 10.819 10.407
9.023 19.431 10.408
6.347 16.758 10.411
9.326 19.737 10.411
16.761 27.174 10.413
7.381 17.794 10.413
11.636 22.056 10.420
7.481 17.902 10.421
8.819 19.240 10.421
11.101 21.523 10.422
7.553 17.978 10.425
8.745 19.176 10.431
0.693 11.125 10.432
9.545 19.979 10.434
9.777 20.217 10.440
10.989 21.432 10.443
9.898 20.341 10.443
0.545 10.994 10.449
7.306 17.755 10.449
8.166 18.618 10.452
7.07 17.526 10.456
11.577 22.037 10.460
7.127 17.588 10.461
11.585 22.050 10.465
6.55 17.016 10.466
46.822 57.291 10.469
10.015 20.485 10.470
8.047 18.517 10.470
11.145 21.621 10.476
7.499 17.975 10.476
8.901 19.378 10.477
0.361 10.840 10.479
9.907 20.388 10.481
11.391 21.874 10.483
15.662 26.145 10.483
6.862 17.351 10.489
12.238 22.730 10.492
6.958 17.451 10.493
8.247 18.740 10.493
9.834 20.329 10.495
1.442 11.938 10.496
17.647 28.147 10.500
15.043 25.544 10.501
8.549 19.056 10.507
8.048 18.557 10.509
10.852 21.366 10.514
12.6 23.114 10.514
2.758 13.273 10.515
30.772 41.290 10.518
1.956 12.476 10.520
5.431 15.956 10.525
10.778 21.305 10.527
9.425 19.953 10.528
10.798 21.331 10.533
14.659 25.192 10.533
8.388 18.921 10.533
9.785 20.318 10.533
10.206 20.741 10.535
14.701 25.237 10.536
4.59 15.127 10.537
1.691 12.229 10.538
15.119 25.658 10.539
4.449 14.991 10.542
5.784 16.326 10.542
4.437 14.982 10.545
10.72 21.266 10.546
17.249 27.795 10.546
8.073 18.619 10.546
6.892 17.440 10.548
11.342 21.901 10.559
7.88 18.443 10.563
5.843 16.411 10.568
9.322 19.893 10.571
8.413 18.991 10.578
7.467 18.052 10.585
1.928 12.517 10.589
1.544 12.134 10.590
4.585 15.176 10.591
7.678 18.274 10.596
7.915 18.514 10.599
9.365 19.964 10.599
7.449 18.051 10.602
0.793 11.400 10.607
9.66 20.269 10.609
7.876 18.488 10.612
13.206 23.822 10.616
9.054 19.681 10.627
10.39 21.022 10.632
9.666 20.305 10.639
9.096 19.742 10.646
12.988 23.639 10.651
5.76 16.413 10.653
8.064 18.718 10.654
10.401 21.056 10.655
21.544 32.202 10.658
1.551 12.212 10.661
11.42 22.082 10.662
7.078 17.740 10.662
8.074 18.739 10.665
15.548 26.214 10.666
6.399 17.067 10.668
9.311 19.979 10.668
11.553 22.222 10.669
10.026 20.697 10.671
10.146 20.819 10.673
0.253 10.928 10.675
11.612 22.287 10.675
7.99 18.665 10.675
4.648 15.324 10.676
12.267 22.950 10.683
7.708 18.391 10.683
10.533 21.219 10.686
0.454 11.144 10.690
10.442 21.133 10.691
7.386 18.078 10.692
0.827 11.520 10.693
0.99 11.689 10.699
12.433 23.136 10.703
31.828 42.533 10.705
7.939 18.646 10.707
0.712 11.420 10.708
9.209 19.917 10.708
8.949 19.663 10.714
1.677 12.392 10.715
4.378 15.095 10.717
7.45 18.167 10.717
15.209 25.928 10.719
13.813 24.535 10.722
15.762 26.486 10.724
5.813 16.538 10.725
11.729 22.462 10.733
1.076 11.810 10.734
7.715 18.451 10.736
10.505 21.244 10.739
11.634 22.373 10.739
9.426 20.167 10.741
5.867 16.612 10.745
8.539 19.284 10.745
11.022 21.769 10.747
8.856 19.604 10.748
7.141 17.890 10.749
10.941 21.696 10.755
7.054 17.809 10.755
4.252 15.017 10.765
3.421 14.188 10.767
8.16 18.932 10.772
10.807 21.581 10.774
15.671 26.452 10.781
12.029 22.812 10.783
19.4 30.190 10.790
8.758 19.550 10.792
11.204 21.997 10.793
7.295 18.091 10.796
8.224 19.022 10.798
0.193 10.993 10.800
0.709 11.509 10.800
9.091 19.900 10.809
20.009 30.820 10.811
8.701 19.512 10.811
3.863 14.679 10.816
15.533 26.351 10.818
11.607 22.428 10.821
3.706 14.527 10.821
3.588 14.412 10.824
10.975 21.805 10.830
5.753 16.583 10.830
6.02 16.851 10.831
26.556 37.391 10.835
8.989 19.828 10.839
8.725 19.566 10.841
9.71 20.551 10.841
10.528 21.375 10.847
10.618 21.466 10.848
20.987 31.836 10.849
9.348 20.199 10.851
0.434 11.293 10.859
31.836 42.698 10.862
8.196 19.074 10.878
1.845 12.727 10.882
41.086 51.970 10.884
10.773 21.659 10.886
11.693 22.581 10.888
7.809 18.700 10.891
9.482 20.376 10.894
7.094 17.990 10.896
7.347 18.244 10.897
7.216 18.118 10.902
15.499 26.410 10.911
9.171 20.085 10.914
0.741 11.663 10.922
13.497 24.420 10.923
3.204 14.130 10.926
3.945 14.891 10.946
13.461 24.410 10.949
11.996 22.946 10.950
8.712 19.677 10.965
6.208 17.177 10.969
8.783 19.754 10.971
8.854 19.827 10.973
10.026 21.006 10.980
9.117 20.103 10.986
10.673 21.660 10.987
6.763 17.750 10.987
7.945 18.946 11.001
10.671 21.673 11.002
8.115 19.117 11.002
0.658 11.663 11.005
8.696 19.709 11.013
7.696 18.713 11.017
8.296 19.314 11.018
10.934 21.956 11.022
33.247 44.273 11.026
5.752 16.787 11.035
8.35 19.393 11.043
11.705 22.750 11.045
8.949 19.996 11.047
8.451 19.507 11.056
7.79 18.848 11.058
7.55 18.617 11.067
7.077 18.149 11.072
7.767 18.844 11.077
8.027 19.111 11.084
12.224 23.312 11.088
7.793 18.883 11.090
8.884 19.974 11.090
1.054 12.151 11.097
8.536 19.636 11.100
6.751 17.853 11.102
8.158 19.261 11.103
10.606 21.713 11.107
27.258 38.365 11.107
1.067 12.179 11.112
24.115 35.229 11.114
9.62 20.739 11.119
16.824 27.946 11.122
17.274 28.405 11.131
4.231 15.362 11.131
7.932 19.070 11.138
10.678 21.823 11.145
9.586 20.734 11.148
10.524 21.675 11.151
8.01 19.161 11.151
3.449 14.602 11.153
11.495 22.659 11.164
15.189 26.353 11.164
8.911 20.079 11.168
12.861 24.032 11.171
1.088 12.260 11.172
8.308 19.488 11.180
6.709 17.890 11.181
11.978 23.164 11.186
7.731 18.918 11.187
11.271 22.460 11.189
18.449 29.639 11.190
8.381 19.581 11.200
9.734 20.939 11.205
8.51 19.723 11.213
6.392 17.610 11.218
47.828 59.056 11.228
6.938 18.178 11.240
7.318 18.559 11.241
5.792 17.036 11.244
7.035 18.280 11.245
8 19.246 11.246
9.797 21.044 11.247
19.014 30.266 11.252
5.062 16.316 11.254
9.708 20.966 11.258
9.467 20.726 11.259
6.079 17.339 11.260
9.878 21.139 11.261
5.538 16.801 11.263
8.226 19.489 11.263
47.854 59.122 11.268
26.029 37.298 11.269
2.19 13.468 11.278
26.291 37.572 11.281
8.6 19.882 11.282
12.109 23.395 11.286
16.982 28.270 11.288
14.602 25.891 11.289
7.235 18.527 11.292
8.253 19.547 11.294
3.041 14.336 11.295
1.613 12.909 11.296
7.421 18.718 11.297
9.106 20.404 11.298
6.363 17.662 11.299
9.174 20.473 11.299
8.976 20.278 11.302
5.668 16.975 11.307
7.207 18.514 11.307
0.21 11.519 11.309
7.677 19.002 11.325
15.847 27.173 11.326
4.341 15.683 11.342
13.043 24.394 11.351
9.281 20.640 11.359
16.518 27.879 11.361
6.964 18.325 11.361
31.547 42.922 11.375
7.019 18.397 11.378
8.802 20.184 11.382
11.812 23.198 11.386
7.346 18.732 11.386
11.094 22.485 11.391
11.498 22.902 11.404
6.169 17.574 11.405
13.386 24.793 11.407
8.31 19.722 11.412
7.044 18.457 11.413
8.271 19.687 11.416
18.744 30.162 11.418
11.022 22.457 11.435
1.104 12.542 11.438
2.7 14.142 11.442
14.457 25.900 11.443
7.945 19.393 11.448
8.176 19.633 11.457
8.13 19.602 11.472
8.217 19.702 11.485
9.907 21.396 11.489
10.169 21.662 11.493
13.463 24.958 11.495
6.94 18.437 11.497
11.646 23.148 11.502
7.052 18.556 11.504
9.912 21.419 11.507
1.258 12.771 11.513
11.083 22.604 11.521
9.554 21.079 11.525
9.648 21.173 11.525
2.925 14.451 11.526
9.363 20.889 11.526
7.68 19.209 11.529
9.994 21.526 11.532
15.255 26.793 11.538
10.656 22.204 11.548
28.17 39.718 11.548
7.875 19.433 11.558
26.867 38.426 11.559
6.915 18.478 11.563
1.12 12.697 11.577
6.594 18.178 11.584
3.678 15.270 11.592
7.781 19.382 11.601
0.055 11.676 11.621
8.853 20.476 11.623
10.791 22.419 11.628
9.919 21.549 11.630
7.78 19.433 11.653
0.582 12.243 11.661
9.333 21.020 11.687
9.024 20.714 11.690
6.973 18.674 11.701
8.442 20.150 11.708
7.076 18.815 11.739
26.559 38.310 11.751
9.167 20.918 11.751
26.094 37.851 11.757
9.87 21.633 11.763
10.302 22.086 11.784
7.416 19.202 11.786
0.533 12.326 11.793
9.103 20.900 11.797
47.662 59.476 11.814
8.582 20.402 11.820
10.325 22.156 11.831
7.775 19.607 11.832
7.82 19.654 11.834
7.674 19.516 11.842
19.536 31.383 11.847
8.564 20.411 11.847
7.521 19.386 11.865
8.879 20.766 11.887
7.982 19.872 11.890
1.704 13.604 11.900
9.077 20.995 11.918
10.583 22.504 11.921
8.665 20.588 11.923
7.845 19.812 11.967
6.63 18.598 11.968
8.653 20.623 11.970
6.625 18.614 11.989
1.633 13.623 11.990
9.056 21.049 11.993
6.677 18.684 12.007
7.795 19.821 12.026
29.477 41.504 12.027
9.891 21.946 12.055
2.873 14.935 12.062
8.757 20.826 12.069
27.078 39.159 12.081
2.596 14.682 12.086
0.669 12.762 12.093
6.966 19.076 12.110
7.741 19.862 12.121
8.96 21.089 12.129
14.314 26.445 12.131
7.934 20.072 12.138
9.815 21.961 12.146
18.125 30.287 12.162
8.564 20.747 12.183
7.284 19.490 12.206
7.144 19.358 12.214
8.368 20.613 12.245
7.604 19.875 12.271
8.484 20.764 12.280
7.844 20.132 12.288
8.472 20.779 12.307
25.539 37.875 12.336
10.023 22.361 12.338
9.382 21.740 12.358
8.464 20.828 12.364
13.246 25.617 12.371
10.054 22.457 12.403
9.417 21.835 12.418
7.975 20.425 12.450
5.729 18.218 12.489
7.454 19.969 12.515
7.89 20.411 12.521
10.042 22.588 12.546
10.282 22.833 12.551
3.275 15.853 12.578
6.362 18.991 12.629
7.751 20.387 12.636
7.056 19.706 12.650
7.555 20.229 12.674
10.873 23.560 12.687
6.996 19.695 12.699
8.401 21.100 12.699
11.703 24.411 12.708
8.961 21.670 12.709
8.91 21.635 12.725
6.96 19.691 12.731
6.87 19.658 12.788
7.746 20.586 12.840
10.203 23.076 12.873
37.622 50.613 12.991
11.674 24.677 13.003
10.469 23.550 13.081
10.197 23.424 13.227
13.497 26.758 13.261
16.313 29.610 13.297
25.833 39.134 13.301
26.856 40.175 13.319
3.459 16.891 13.432
8.628 22.060 13.432
9.556 22.995 13.439
3.912 17.548 13.636
10.033 23.759 13.726
5.127 18.988 13.861
10.596 24.470 13.874
4.902 18.877 13.975
9.226 23.294 14.068
4.678 18.796 14.118
10.977 25.140 14.163
11.164 25.340 14.176
3.649 17.962 14.313
4.109 18.713 14.604
11.812 26.467 14.655
9.186 23.909 14.723
14.176 29.038 14.862
8.675 23.946 15.271
11.206 26.589 15.383
9.466 24.958 15.492
18.659 34.259 15.600
9.52 25.208 15.688
19.855 36.113 16.258
14.48 30.827 16.347
15.856 32.392 16.536
1.607 18.487 16.880
24.172 41.134 16.962
9.729 27.692 17.963
9.27 27.421 18.151
15.074 33.587 18.513
24.02 42.692 18.672
10.648 29.405 18.757
0.531 19.484 18.953
7.822 26.856 19.034
9.255 28.556 19.301
16.984 36.506 19.522
10.275 30.627 20.352
10.563 31.148 20.585
10.7 31.495 20.795
9.403 30.294 20.891
9.846 30.866 21.020
15.139 36.665 21.526
1.097 22.648 21.551
9.045 30.881 21.836
14.978 36.859 21.881
11.059 33.064 22.005
23.979 46.464 22.485
12.366 34.899 22.533
10.588 33.419 22.831
15.451 39.627 24.176
10.04 34.403 24.363
16.098 40.527 24.429
11.131 35.609 24.478
8.46 32.943 24.483
0.497 25.001 24.504
15.231 40.383 25.152
10.628 36.770 26.142
9.418 35.567 26.149
4.939 32.035 27.096
24.195 51.651 27.456
0.601 28.778 28.177
19.088 47.359 28.271
10.726 39.169 28.443
14.949 43.913 28.964
10.148 39.218 29.070
9.634 39.009 29.375
8.016 37.817 29.801
16.033 46.322 30.289
23.982 56.234 32.252
9.394 45.916 36.522
